2026/07/03 00:00,05F0000S,05F0055S,31,230,20
2026/07/03 00:00,05F0000S,05F0055S,32,229,6
2026/07/03 00:00,05F0000S,05F0055S,41,230,1
2026/07/03 00:00,05F0000S,05F0055S,42,0,0
2026/07/03 00:00,05F0000S,05F0055S,5,0,0
2026/07/03 00:00,05F0055S,05F0287S,31,968,20
2026/07/03 00:00,05F0055S,05F0287S,32,998,8
2026/07/03 00:00,05F0055S,05F0287S,41,0,0
2026/07/03 00:00,05F0055S,05F0287S,42,0,0
2026/07/03 00:00,05F0055S,05F0287S,5,0,0
2026/07/03 00:00,05F0287S,05F0309S,31,83,12
2026/07/03 00:00,05F0287S,05F0309S,32,82,5
2026/07/03 00:00,05F0287S,05F0309S,41,796,2
2026/07/03 00:00,05F0287S,05F0309S,42,0,0
2026/07/03 00:00,05F0287S,05F0309S,5,0,0
2026/07/03 00:00,05F0309S,05F0439S,31,464,9
2026/07/03 00:00,05F0309S,05F0439S,32,0,0
2026/07/03 00:00,05F0309S,05F0439S,41,521,1
2026/07/03 00:00,05F0309S,05F0439S,42,483,1
2026/07/03 00:00,05F0309S,05F0439S,5,0,0
2026/07/03 00:00,05F0439S,05F0494S,31,227,3
2026/07/03 00:00,05F0439S,05F0494S,32,190,2
2026/07/03 00:00,05F0439S,05F0494S,41,0,0
2026/07/03 00:00,05F0439S,05F0494S,42,209,1
2026/07/03 00:00,05F0439S,05F0494S,5,204,1
2026/07/03 00:05,05F0000S,05F0055S,31,228,17
2026/07/03 00:05,05F0000S,05F0055S,32,223,6
2026/07/03 00:05,05F0000S,05F0055S,41,224,1
2026/07/03 00:05,05F0000S,05F0055S,42,0,0
2026/07/03 00:05,05F0000S,05F0055S,5,0,0
2026/07/03 00:05,05F0055S,05F0287S,31,992,28
2026/07/03 00:05,05F0055S,05F0287S,32,990,4
2026/07/03 00:05,05F0055S,05F0287S,41,934,2
2026/07/03 00:05,05F0055S,05F0287S,42,0,0
2026/07/03 00:05,05F0055S,05F0287S,5,0,0
2026/07/03 00:05,05F0287S,05F0309S,31,86,21
2026/07/03 00:05,05F0287S,05F0309S,32,90,5
2026/07/03 00:05,05F0287S,05F0309S,41,0,0
2026/07/03 00:05,05F0287S,05F0309S,42,0,0
2026/07/03 00:05,05F0287S,05F0309S,5,0,0
2026/07/03 00:05,05F0309S,05F0439S,31,475,7
2026/07/03 00:05,05F0309S,05F0439S,32,464,3
2026/07/03 00:05,05F0309S,05F0439S,41,0,0
2026/07/03 00:05,05F0309S,05F0439S,42,530,1
2026/07/03 00:05,05F0309S,05F0439S,5,0,0
2026/07/03 00:05,05F0439S,05F0494S,31,209,3
2026/07/03 00:05,05F0439S,05F0494S,32,0,0
2026/07/03 00:05,05F0439S,05F0494S,41,0,0
2026/07/03 00:05,05F0439S,05F0494S,42,225,1
2026/07/03 00:05,05F0439S,05F0494S,5,0,0
2026/07/03 00:10,05F0000S,05F0055S,31,230,23
2026/07/03 00:10,05F0000S,05F0055S,32,216,3
2026/07/03 00:10,05F0000S,05F0055S,41,0,0
2026/07/03 00:10,05F0000S,05F0055S,42,0,0
2026/07/03 00:10,05F0000S,05F0055S,5,0,0
2026/07/03 00:10,05F0055S,05F0287S,31,1002,19
2026/07/03 00:10,05F0055S,05F0287S,32,1009,4
2026/07/03 00:10,05F0055S,05F0287S,41,996,2
2026/07/03 00:10,05F0055S,05F0287S,42,0,0
2026/07/03 00:10,05F0055S,05F0287S,5,0,0
2026/07/03 00:10,05F0287S,05F0309S,31,88,7
2026/07/03 00:10,05F0287S,05F0309S,32,77,1
2026/07/03 00:10,05F0287S,05F0309S,41,89,3
2026/07/03 00:10,05F0287S,05F0309S,42,0,0
2026/07/03 00:10,05F0287S,05F0309S,5,0,0
2026/07/03 00:10,05F0309S,05F0439S,31,502,8
2026/07/03 00:10,05F0309S,05F0439S,32,492,3
2026/07/03 00:10,05F0309S,05F0439S,41,519,1
2026/07/03 00:10,05F0309S,05F0439S,42,0,0
2026/07/03 00:10,05F0309S,05F0439S,5,533,1
2026/07/03 00:10,05F0439S,05F0494S,31,165,4
2026/07/03 00:10,05F0439S,05F0494S,32,208,1
2026/07/03 00:10,05F0439S,05F0494S,41,0,0
2026/07/03 00:10,05F0439S,05F0494S,42,0,0
2026/07/03 00:10,05F0439S,05F0494S,5,0,0
2026/07/03 00:15,05F0000S,05F0055S,31,235,11
2026/07/03 00:15,05F0000S,05F0055S,32,224,5
2026/07/03 00:15,05F0000S,05F0055S,41,0,0
2026/07/03 00:15,05F0000S,05F0055S,42,0,0
2026/07/03 00:15,05F0000S,05F0055S,5,0,0
2026/07/03 00:15,05F0055S,05F0287S,31,946,21
2026/07/03 00:15,05F0055S,05F0287S,32,940,7
2026/07/03 00:15,05F0055S,05F0287S,41,0,0
2026/07/03 00:15,05F0055S,05F0287S,42,0,0
2026/07/03 00:15,05F0055S,05F0287S,5,0,0
2026/07/03 00:15,05F0287S,05F0309S,31,85,20
2026/07/03 00:15,05F0287S,05F0309S,32,87,5
2026/07/03 00:15,05F0287S,05F0309S,41,1718,1
2026/07/03 00:15,05F0287S,05F0309S,42,0,0
2026/07/03 00:15,05F0287S,05F0309S,5,0,0
2026/07/03 00:15,05F0309S,05F0439S,31,481,11
2026/07/03 00:15,05F0309S,05F0439S,32,548,2
2026/07/03 00:15,05F0309S,05F0439S,41,0,0
2026/07/03 00:15,05F0309S,05F0439S,42,519,3
2026/07/03 00:15,05F0309S,05F0439S,5,478,1
2026/07/03 00:15,05F0439S,05F0494S,31,217,7
2026/07/03 00:15,05F0439S,05F0494S,32,0,0
2026/07/03 00:15,05F0439S,05F0494S,41,0,0
2026/07/03 00:15,05F0439S,05F0494S,42,210,2
2026/07/03 00:15,05F0439S,05F0494S,5,216,2
2026/07/03 00:20,05F0000S,05F0055S,31,233,15
2026/07/03 00:20,05F0000S,05F0055S,32,269,4
2026/07/03 00:20,05F0000S,05F0055S,41,0,0
2026/07/03 00:20,05F0000S,05F0055S,42,0,0
2026/07/03 00:20,05F0000S,05F0055S,5,0,0
2026/07/03 00:20,05F0055S,05F0287S,31,949,12
2026/07/03 00:20,05F0055S,05F0287S,32,972,7
2026/07/03 00:20,05F0055S,05F0287S,41,958,2
2026/07/03 00:20,05F0055S,05F0287S,42,0,0
2026/07/03 00:20,05F0055S,05F0287S,5,0,0
2026/07/03 00:20,05F0287S,05F0309S,31,84,15
2026/07/03 00:20,05F0287S,05F0309S,32,84,5
2026/07/03 00:20,05F0287S,05F0309S,41,417,2
2026/07/03 00:20,05F0287S,05F0309S,42,0,0
2026/07/03 00:20,05F0287S,05F0309S,5,0,0
2026/07/03 00:20,05F0309S,05F0439S,31,481,13
2026/07/03 00:20,05F0309S,05F0439S,32,484,1
2026/07/03 00:20,05F0309S,05F0439S,41,541,3
2026/07/03 00:20,05F0309S,05F0439S,42,0,0
2026/07/03 00:20,05F0309S,05F0439S,5,525,1
2026/07/03 00:20,05F0439S,05F0494S,31,198,3
2026/07/03 00:20,05F0439S,05F0494S,32,235,2
2026/07/03 00:20,05F0439S,05F0494S,41,0,0
2026/07/03 00:20,05F0439S,05F0494S,42,0,0
2026/07/03 00:20,05F0439S,05F0494S,5,0,0
2026/07/03 00:25,05F0000S,05F0055S,31,237,12
2026/07/03 00:25,05F0000S,05F0055S,32,243,3
2026/07/03 00:25,05F0000S,05F0055S,41,234,1
2026/07/03 00:25,05F0000S,05F0055S,42,0,0
2026/07/03 00:25,05F0000S,05F0055S,5,0,0
2026/07/03 00:25,05F0055S,05F0287S,31,965,28
2026/07/03 00:25,05F0055S,05F0287S,32,928,3
2026/07/03 00:25,05F0055S,05F0287S,41,0,0
2026/07/03 00:25,05F0055S,05F0287S,42,0,0
2026/07/03 00:25,05F0055S,05F0287S,5,0,0
2026/07/03 00:25,05F0287S,05F0309S,31,81,14
2026/07/03 00:25,05F0287S,05F0309S,32,90,3
2026/07/03 00:25,05F0287S,05F0309S,41,0,0
2026/07/03 00:25,05F0287S,05F0309S,42,0,0
2026/07/03 00:25,05F0287S,05F0309S,5,0,0
2026/07/03 00:25,05F0309S,05F0439S,31,491,7
2026/07/03 00:25,05F0309S,05F0439S,32,464,4
2026/07/03 00:25,05F0309S,05F0439S,41,0,0
2026/07/03 00:25,05F0309S,05F0439S,42,495,1
2026/07/03 00:25,05F0309S,05F0439S,5,538,1
2026/07/03 00:25,05F0439S,05F0494S,31,206,4
2026/07/03 00:25,05F0439S,05F0494S,32,0,0
2026/07/03 00:25,05F0439S,05F0494S,41,0,0
2026/07/03 00:25,05F0439S,05F0494S,42,0,0
2026/07/03 00:25,05F0439S,05F0494S,5,220,1
2026/07/03 00:30,05F0000S,05F0055S,31,228,14
2026/07/03 00:30,05F0000S,05F0055S,32,218,2
2026/07/03 00:30,05F0000S,05F0055S,41,0,0
2026/07/03 00:30,05F0000S,05F0055S,42,0,0
2026/07/03 00:30,05F0000S,05F0055S,5,0,0
2026/07/03 00:30,05F0055S,05F0287S,31,946,18
2026/07/03 00:30,05F0055S,05F0287S,32,964,4
2026/07/03 00:30,05F0055S,05F0287S,41,0,0
2026/07/03 00:30,05F0055S,05F0287S,42,0,0
2026/07/03 00:30,05F0055S,05F0287S,5,0,0
2026/07/03 00:30,05F0287S,05F0309S,31,87,19
2026/07/03 00:30,05F0287S,05F0309S,32,78,2
2026/07/03 00:30,05F0287S,05F0309S,41,0,0
2026/07/03 00:30,05F0287S,05F0309S,42,0,0
2026/07/03 00:30,05F0287S,05F0309S,5,0,0
2026/07/03 00:30,05F0309S,05F0439S,31,455,10
2026/07/03 00:30,05F0309S,05F0439S,32,482,2
2026/07/03 00:30,05F0309S,05F0439S,41,519,2
2026/07/03 00:30,05F0309S,05F0439S,42,493,1
2026/07/03 00:30,05F0309S,05F0439S,5,0,0
2026/07/03 00:30,05F0439S,05F0494S,31,214,6
2026/07/03 00:30,05F0439S,05F0494S,32,206,5
2026/07/03 00:30,05F0439S,05F0494S,41,0,0
2026/07/03 00:30,05F0439S,05F0494S,42,214,2
2026/07/03 00:30,05F0439S,05F0494S,5,225,1
2026/07/03 00:35,05F0000S,05F0055S,31,230,13
2026/07/03 00:35,05F0000S,05F0055S,32,244,3
2026/07/03 00:35,05F0000S,05F0055S,41,0,0
2026/07/03 00:35,05F0000S,05F0055S,42,0,0
2026/07/03 00:35,05F0000S,05F0055S,5,0,0
2026/07/03 00:35,05F0055S,05F0287S,31,920,8
2026/07/03 00:35,05F0055S,05F0287S,32,967,3
2026/07/03 00:35,05F0055S,05F0287S,41,0,0
2026/07/03 00:35,05F0055S,05F0287S,42,0,0
2026/07/03 00:35,05F0055S,05F0287S,5,0,0
2026/07/03 00:35,05F0287S,05F0309S,31,82,11
2026/07/03 00:35,05F0287S,05F0309S,32,89,5
2026/07/03 00:35,05F0287S,05F0309S,41,0,0
2026/07/03 00:35,05F0287S,05F0309S,42,0,0
2026/07/03 00:35,05F0287S,05F0309S,5,0,0
2026/07/03 00:35,05F0309S,05F0439S,31,482,12
2026/07/03 00:35,05F0309S,05F0439S,32,469,4
2026/07/03 00:35,05F0309S,05F0439S,41,0,0
2026/07/03 00:35,05F0309S,05F0439S,42,0,0
2026/07/03 00:35,05F0309S,05F0439S,5,0,0
2026/07/03 00:35,05F0439S,05F0494S,31,213,6
2026/07/03 00:35,05F0439S,05F0494S,32,215,3
2026/07/03 00:35,05F0439S,05F0494S,41,0,0
2026/07/03 00:35,05F0439S,05F0494S,42,0,0
2026/07/03 00:35,05F0439S,05F0494S,5,0,0
2026/07/03 00:40,05F0000S,05F0055S,31,224,16
2026/07/03 00:40,05F0000S,05F0055S,32,242,5
2026/07/03 00:40,05F0000S,05F0055S,41,0,0
2026/07/03 00:40,05F0000S,05F0055S,42,0,0
2026/07/03 00:40,05F0000S,05F0055S,5,0,0
2026/07/03 00:40,05F0055S,05F0287S,31,969,13
2026/07/03 00:40,05F0055S,05F0287S,32,966,6
2026/07/03 00:40,05F0055S,05F0287S,41,965,1
2026/07/03 00:40,05F0055S,05F0287S,42,0,0
2026/07/03 00:40,05F0055S,05F0287S,5,0,0
2026/07/03 00:40,05F0287S,05F0309S,31,88,7
2026/07/03 00:40,05F0287S,05F0309S,32,92,6
2026/07/03 00:40,05F0287S,05F0309S,41,0,0
2026/07/03 00:40,05F0287S,05F0309S,42,0,0
2026/07/03 00:40,05F0287S,05F0309S,5,0,0
2026/07/03 00:40,05F0309S,05F0439S,31,500,10
2026/07/03 00:40,05F0309S,05F0439S,32,0,0
2026/07/03 00:40,05F0309S,05F0439S,41,0,0
2026/07/03 00:40,05F0309S,05F0439S,42,562,1
2026/07/03 00:40,05F0309S,05F0439S,5,0,0
2026/07/03 00:40,05F0439S,05F0494S,31,207,7
2026/07/03 00:40,05F0439S,05F0494S,32,0,0
2026/07/03 00:40,05F0439S,05F0494S,41,0,0
2026/07/03 00:40,05F0439S,05F0494S,42,0,0
2026/07/03 00:40,05F0439S,05F0494S,5,0,0
2026/07/03 00:45,05F0000S,05F0055S,31,230,13
2026/07/03 00:45,05F0000S,05F0055S,32,230,10
2026/07/03 00:45,05F0000S,05F0055S,41,0,0
2026/07/03 00:45,05F0000S,05F0055S,42,0,0
2026/07/03 00:45,05F0000S,05F0055S,5,0,0
2026/07/03 00:45,05F0055S,05F0287S,31,953,17
2026/07/03 00:45,05F0055S,05F0287S,32,963,2
2026/07/03 00:45,05F0055S,05F0287S,41,0,0
2026/07/03 00:45,05F0055S,05F0287S,42,0,0
2026/07/03 00:45,05F0055S,05F0287S,5,0,0
2026/07/03 00:45,05F0287S,05F0309S,31,88,12
2026/07/03 00:45,05F0287S,05F0309S,32,97,1
2026/07/03 00:45,05F0287S,05F0309S,41,0,0
2026/07/03 00:45,05F0287S,05F0309S,42,0,0
2026/07/03 00:45,05F0287S,05F0309S,5,0,0
2026/07/03 00:45,05F0309S,05F0439S,31,485,5
2026/07/03 00:45,05F0309S,05F0439S,32,509,2
2026/07/03 00:45,05F0309S,05F0439S,41,0,0
2026/07/03 00:45,05F0309S,05F0439S,42,0,0
2026/07/03 00:45,05F0309S,05F0439S,5,507,3
2026/07/03 00:45,05F0439S,05F0494S,31,202,2
2026/07/03 00:45,05F0439S,05F0494S,32,267,1
2026/07/03 00:45,05F0439S,05F0494S,41,0,0
2026/07/03 00:45,05F0439S,05F0494S,42,239,1
2026/07/03 00:45,05F0439S,05F0494S,5,0,0
2026/07/03 00:50,05F0000S,05F0055S,31,237,16
2026/07/03 00:50,05F0000S,05F0055S,32,234,4
2026/07/03 00:50,05F0000S,05F0055S,41,234,2
2026/07/03 00:50,05F0000S,05F0055S,42,0,0
2026/07/03 00:50,05F0000S,05F0055S,5,0,0
2026/07/03 00:50,05F0055S,05F0287S,31,922,15
2026/07/03 00:50,05F0055S,05F0287S,32,962,2
2026/07/03 00:50,05F0055S,05F0287S,41,0,0
2026/07/03 00:50,05F0055S,05F0287S,42,0,0
2026/07/03 00:50,05F0055S,05F0287S,5,0,0
2026/07/03 00:50,05F0287S,05F0309S,31,85,16
2026/07/03 00:50,05F0287S,05F0309S,32,87,3
2026/07/03 00:50,05F0287S,05F0309S,41,0,0
2026/07/03 00:50,05F0287S,05F0309S,42,0,0
2026/07/03 00:50,05F0287S,05F0309S,5,0,0
2026/07/03 00:50,05F0309S,05F0439S,31,453,8
2026/07/03 00:50,05F0309S,05F0439S,32,540,4
2026/07/03 00:50,05F0309S,05F0439S,41,0,0
2026/07/03 00:50,05F0309S,05F0439S,42,497,2
2026/07/03 00:50,05F0309S,05F0439S,5,486,1
2026/07/03 00:50,05F0439S,05F0494S,31,213,1
2026/07/03 00:50,05F0439S,05F0494S,32,221,1
2026/07/03 00:50,05F0439S,05F0494S,41,0,0
2026/07/03 00:50,05F0439S,05F0494S,42,0,0
2026/07/03 00:50,05F0439S,05F0494S,5,208,3
2026/07/03 00:55,05F0000S,05F0055S,31,237,13
2026/07/03 00:55,05F0000S,05F0055S,32,243,6
2026/07/03 00:55,05F0000S,05F0055S,41,0,0
2026/07/03 00:55,05F0000S,05F0055S,42,0,0
2026/07/03 00:55,05F0000S,05F0055S,5,0,0
2026/07/03 00:55,05F0055S,05F0287S,31,940,15
2026/07/03 00:55,05F0055S,05F0287S,32,968,3
2026/07/03 00:55,05F0055S,05F0287S,41,0,0
2026/07/03 00:55,05F0055S,05F0287S,42,0,0
2026/07/03 00:55,05F0055S,05F0287S,5,0,0
2026/07/03 00:55,05F0287S,05F0309S,31,88,10
2026/07/03 00:55,05F0287S,05F0309S,32,90,3
2026/07/03 00:55,05F0287S,05F0309S,41,0,0
2026/07/03 00:55,05F0287S,05F0309S,42,0,0
2026/07/03 00:55,05F0287S,05F0309S,5,0,0
2026/07/03 00:55,05F0309S,05F0439S,31,473,10
2026/07/03 00:55,05F0309S,05F0439S,32,492,3
2026/07/03 00:55,05F0309S,05F0439S,41,0,0
2026/07/03 00:55,05F0309S,05F0439S,42,0,0
2026/07/03 00:55,05F0309S,05F0439S,5,0,0
2026/07/03 00:55,05F0439S,05F0494S,31,190,5
2026/07/03 00:55,05F0439S,05F0494S,32,257,1
2026/07/03 00:55,05F0439S,05F0494S,41,0,0
2026/07/03 00:55,05F0439S,05F0494S,42,0,0
2026/07/03 00:55,05F0439S,05F0494S,5,0,0
2026/07/03 01:00,05F0000S,05F0055S,31,236,13
2026/07/03 01:00,05F0000S,05F0055S,32,260,4
2026/07/03 01:00,05F0000S,05F0055S,41,0,0
2026/07/03 01:00,05F0000S,05F0055S,42,0,0
2026/07/03 01:00,05F0000S,05F0055S,5,0,0
2026/07/03 01:00,05F0055S,05F0287S,31,964,17
2026/07/03 01:00,05F0055S,05F0287S,32,985,10
2026/07/03 01:00,05F0055S,05F0287S,41,0,0
2026/07/03 01:00,05F0055S,05F0287S,42,0,0
2026/07/03 01:00,05F0055S,05F0287S,5,0,0
2026/07/03 01:00,05F0287S,05F0309S,31,83,7
2026/07/03 01:00,05F0287S,05F0309S,32,88,4
2026/07/03 01:00,05F0287S,05F0309S,41,0,0
2026/07/03 01:00,05F0287S,05F0309S,42,0,0
2026/07/03 01:00,05F0287S,05F0309S,5,0,0
2026/07/03 01:00,05F0309S,05F0439S,31,478,5
2026/07/03 01:00,05F0309S,05F0439S,32,485,1
2026/07/03 01:00,05F0309S,05F0439S,41,0,0
2026/07/03 01:00,05F0309S,05F0439S,42,0,0
2026/07/03 01:00,05F0309S,05F0439S,5,478,1
2026/07/03 01:00,05F0439S,05F0494S,31,185,3
2026/07/03 01:00,05F0439S,05F0494S,32,210,1
2026/07/03 01:00,05F0439S,05F0494S,41,0,0
2026/07/03 01:00,05F0439S,05F0494S,42,0,0
2026/07/03 01:00,05F0439S,05F0494S,5,203,1
2026/07/03 01:05,05F0000S,05F0055S,31,237,5
2026/07/03 01:05,05F0000S,05F0055S,32,240,5
2026/07/03 01:05,05F0000S,05F0055S,41,0,0
2026/07/03 01:05,05F0000S,05F0055S,42,0,0
2026/07/03 01:05,05F0000S,05F0055S,5,0,0
2026/07/03 01:05,05F0055S,05F0287S,31,954,16
2026/07/03 01:05,05F0055S,05F0287S,32,979,9
2026/07/03 01:05,05F0055S,05F0287S,41,1010,2
2026/07/03 01:05,05F0055S,05F0287S,42,0,0
2026/07/03 01:05,05F0055S,05F0287S,5,0,0
2026/07/03 01:05,05F0287S,05F0309S,31,77,14
2026/07/03 01:05,05F0287S,05F0309S,32,87,8
2026/07/03 01:05,05F0287S,05F0309S,41,0,0
2026/07/03 01:05,05F0287S,05F0309S,42,0,0
2026/07/03 01:05,05F0287S,05F0309S,5,0,0
2026/07/03 01:05,05F0309S,05F0439S,31,462,4
2026/07/03 01:05,05F0309S,05F0439S,32,484,5
2026/07/03 01:05,05F0309S,05F0439S,41,0,0
2026/07/03 01:05,05F0309S,05F0439S,42,480,1
2026/07/03 01:05,05F0309S,05F0439S,5,533,1
2026/07/03 01:05,05F0439S,05F0494S,31,219,1
2026/07/03 01:05,05F0439S,05F0494S,32,212,2
2026/07/03 01:05,05F0439S,05F0494S,41,0,0
2026/07/03 01:05,05F0439S,05F0494S,42,0,0
2026/07/03 01:05,05F0439S,05F0494S,5,0,0
2026/07/03 01:10,05F0000S,05F0055S,31,235,9
2026/07/03 01:10,05F0000S,05F0055S,32,231,7
2026/07/03 01:10,05F0000S,05F0055S,41,0,0
2026/07/03 01:10,05F0000S,05F0055S,42,0,0
2026/07/03 01:10,05F0000S,05F0055S,5,0,0
2026/07/03 01:10,05F0055S,05F0287S,31,979,11
2026/07/03 01:10,05F0055S,05F0287S,32,963,3
2026/07/03 01:10,05F0055S,05F0287S,41,0,0
2026/07/03 01:10,05F0055S,05F0287S,42,0,0
2026/07/03 01:10,05F0055S,05F0287S,5,0,0
2026/07/03 01:10,05F0287S,05F0309S,31,88,8
2026/07/03 01:10,05F0287S,05F0309S,32,93,3
2026/07/03 01:10,05F0287S,05F0309S,41,0,0
2026/07/03 01:10,05F0287S,05F0309S,42,98,1
2026/07/03 01:10,05F0287S,05F0309S,5,0,0
2026/07/03 01:10,05F0309S,05F0439S,31,470,8
2026/07/03 01:10,05F0309S,05F0439S,32,477,4
2026/07/03 01:10,05F0309S,05F0439S,41,0,0
2026/07/03 01:10,05F0309S,05F0439S,42,466,2
2026/07/03 01:10,05F0309S,05F0439S,5,0,0
2026/07/03 01:10,05F0439S,05F0494S,31,171,4
2026/07/03 01:10,05F0439S,05F0494S,32,202,2
2026/07/03 01:10,05F0439S,05F0494S,41,0,0
2026/07/03 01:10,05F0439S,05F0494S,42,195,2
2026/07/03 01:10,05F0439S,05F0494S,5,222,1
2026/07/03 01:15,05F0000S,05F0055S,31,244,10
2026/07/03 01:15,05F0000S,05F0055S,32,244,5
2026/07/03 01:15,05F0000S,05F0055S,41,0,0
2026/07/03 01:15,05F0000S,05F0055S,42,0,0
2026/07/03 01:15,05F0000S,05F0055S,5,0,0
2026/07/03 01:15,05F0055S,05F0287S,31,971,17
2026/07/03 01:15,05F0055S,05F0287S,32,989,4
2026/07/03 01:15,05F0055S,05F0287S,41,0,0
2026/07/03 01:15,05F0055S,05F0287S,42,0,0
2026/07/03 01:15,05F0055S,05F0287S,5,0,0
2026/07/03 01:15,05F0287S,05F0309S,31,86,16
2026/07/03 01:15,05F0287S,05F0309S,32,95,3
2026/07/03 01:15,05F0287S,05F0309S,41,0,0
2026/07/03 01:15,05F0287S,05F0309S,42,0,0
2026/07/03 01:15,05F0287S,05F0309S,5,0,0
2026/07/03 01:15,05F0309S,05F0439S,31,471,6
2026/07/03 01:15,05F0309S,05F0439S,32,509,3
2026/07/03 01:15,05F0309S,05F0439S,41,0,0
2026/07/03 01:15,05F0309S,05F0439S,42,559,1
2026/07/03 01:15,05F0309S,05F0439S,5,529,1
2026/07/03 01:15,05F0439S,05F0494S,31,202,2
2026/07/03 01:15,05F0439S,05F0494S,32,193,3
2026/07/03 01:15,05F0439S,05F0494S,41,0,0
2026/07/03 01:15,05F0439S,05F0494S,42,0,0
2026/07/03 01:15,05F0439S,05F0494S,5,214,1
2026/07/03 01:20,05F0000S,05F0055S,31,236,16
2026/07/03 01:20,05F0000S,05F0055S,32,259,5
2026/07/03 01:20,05F0000S,05F0055S,41,0,0
2026/07/03 01:20,05F0000S,05F0055S,42,0,0
2026/07/03 01:20,05F0000S,05F0055S,5,0,0
2026/07/03 01:20,05F0055S,05F0287S,31,981,8
2026/07/03 01:20,05F0055S,05F0287S,32,960,7
2026/07/03 01:20,05F0055S,05F0287S,41,0,0
2026/07/03 01:20,05F0055S,05F0287S,42,0,0
2026/07/03 01:20,05F0055S,05F0287S,5,0,0
2026/07/03 01:20,05F0287S,05F0309S,31,88,7
2026/07/03 01:20,05F0287S,05F0309S,32,81,1
2026/07/03 01:20,05F0287S,05F0309S,41,0,0
2026/07/03 01:20,05F0287S,05F0309S,42,0,0
2026/07/03 01:20,05F0287S,05F0309S,5,0,0
2026/07/03 01:20,05F0309S,05F0439S,31,534,3
2026/07/03 01:20,05F0309S,05F0439S,32,515,2
2026/07/03 01:20,05F0309S,05F0439S,41,0,0
2026/07/03 01:20,05F0309S,05F0439S,42,599,1
2026/07/03 01:20,05F0309S,05F0439S,5,0,0
2026/07/03 01:20,05F0439S,05F0494S,31,0,0
2026/07/03 01:20,05F0439S,05F0494S,32,290,1
2026/07/03 01:20,05F0439S,05F0494S,41,0,0
2026/07/03 01:20,05F0439S,05F0494S,42,0,0
2026/07/03 01:20,05F0439S,05F0494S,5,0,0
2026/07/03 01:25,05F0000S,05F0055S,31,229,12
2026/07/03 01:25,05F0000S,05F0055S,32,257,2
2026/07/03 01:25,05F0000S,05F0055S,41,0,0
2026/07/03 01:25,05F0000S,05F0055S,42,0,0
2026/07/03 01:25,05F0000S,05F0055S,5,0,0
2026/07/03 01:25,05F0055S,05F0287S,31,935,6
2026/07/03 01:25,05F0055S,05F0287S,32,979,6
2026/07/03 01:25,05F0055S,05F0287S,41,0,0
2026/07/03 01:25,05F0055S,05F0287S,42,0,0
2026/07/03 01:25,05F0055S,05F0287S,5,0,0
2026/07/03 01:25,05F0287S,05F0309S,31,82,4
2026/07/03 01:25,05F0287S,05F0309S,32,85,4
2026/07/03 01:25,05F0287S,05F0309S,41,0,0
2026/07/03 01:25,05F0287S,05F0309S,42,0,0
2026/07/03 01:25,05F0287S,05F0309S,5,0,0
2026/07/03 01:25,05F0309S,05F0439S,31,503,7
2026/07/03 01:25,05F0309S,05F0439S,32,523,3
2026/07/03 01:25,05F0309S,05F0439S,41,0,0
2026/07/03 01:25,05F0309S,05F0439S,42,0,0
2026/07/03 01:25,05F0309S,05F0439S,5,498,2
2026/07/03 01:25,05F0439S,05F0494S,31,206,2
2026/07/03 01:25,05F0439S,05F0494S,32,220,3
2026/07/03 01:25,05F0439S,05F0494S,41,0,0
2026/07/03 01:25,05F0439S,05F0494S,42,0,0
2026/07/03 01:25,05F0439S,05F0494S,5,0,0
2026/07/03 01:30,05F0000S,05F0055S,31,229,15
2026/07/03 01:30,05F0000S,05F0055S,32,235,5
2026/07/03 01:30,05F0000S,05F0055S,41,0,0
2026/07/03 01:30,05F0000S,05F0055S,42,0,0
2026/07/03 01:30,05F0000S,05F0055S,5,0,0
2026/07/03 01:30,05F0055S,05F0287S,31,964,17
2026/07/03 01:30,05F0055S,05F0287S,32,977,6
2026/07/03 01:30,05F0055S,05F0287S,41,0,0
2026/07/03 01:30,05F0055S,05F0287S,42,0,0
2026/07/03 01:30,05F0055S,05F0287S,5,0,0
2026/07/03 01:30,05F0287S,05F0309S,31,85,10
2026/07/03 01:30,05F0287S,05F0309S,32,88,7
2026/07/03 01:30,05F0287S,05F0309S,41,0,0
2026/07/03 01:30,05F0287S,05F0309S,42,0,0
2026/07/03 01:30,05F0287S,05F0309S,5,0,0
2026/07/03 01:30,05F0309S,05F0439S,31,505,5
2026/07/03 01:30,05F0309S,05F0439S,32,496,3
2026/07/03 01:30,05F0309S,05F0439S,41,0,0
2026/07/03 01:30,05F0309S,05F0439S,42,500,1
2026/07/03 01:30,05F0309S,05F0439S,5,522,2
2026/07/03 01:30,05F0439S,05F0494S,31,221,2
2026/07/03 01:30,05F0439S,05F0494S,32,231,2
2026/07/03 01:30,05F0439S,05F0494S,41,0,0
2026/07/03 01:30,05F0439S,05F0494S,42,0,0
2026/07/03 01:30,05F0439S,05F0494S,5,221,3
2026/07/03 01:35,05F0000S,05F0055S,31,235,10
2026/07/03 01:35,05F0000S,05F0055S,32,251,6
2026/07/03 01:35,05F0000S,05F0055S,41,0,0
2026/07/03 01:35,05F0000S,05F0055S,42,0,0
2026/07/03 01:35,05F0000S,05F0055S,5,0,0
2026/07/03 01:35,05F0055S,05F0287S,31,964,12
2026/07/03 01:35,05F0055S,05F0287S,32,1023,4
2026/07/03 01:35,05F0055S,05F0287S,41,0,0
2026/07/03 01:35,05F0055S,05F0287S,42,0,0
2026/07/03 01:35,05F0055S,05F0287S,5,0,0
2026/07/03 01:35,05F0287S,05F0309S,31,89,4
2026/07/03 01:35,05F0287S,05F0309S,32,88,2
2026/07/03 01:35,05F0287S,05F0309S,41,0,0
2026/07/03 01:35,05F0287S,05F0309S,42,0,0
2026/07/03 01:35,05F0287S,05F0309S,5,0,0
2026/07/03 01:35,05F0309S,05F0439S,31,478,3
2026/07/03 01:35,05F0309S,05F0439S,32,488,2
2026/07/03 01:35,05F0309S,05F0439S,41,0,0
2026/07/03 01:35,05F0309S,05F0439S,42,459,1
2026/07/03 01:35,05F0309S,05F0439S,5,0,0
2026/07/03 01:35,05F0439S,05F0494S,31,213,2
2026/07/03 01:35,05F0439S,05F0494S,32,233,2
2026/07/03 01:35,05F0439S,05F0494S,41,0,0
2026/07/03 01:35,05F0439S,05F0494S,42,202,2
2026/07/03 01:35,05F0439S,05F0494S,5,0,0
2026/07/03 01:40,05F0000S,05F0055S,31,221,5
2026/07/03 01:40,05F0000S,05F0055S,32,236,3
2026/07/03 01:40,05F0000S,05F0055S,41,0,0
2026/07/03 01:40,05F0000S,05F0055S,42,0,0
2026/07/03 01:40,05F0000S,05F0055S,5,0,0
2026/07/03 01:40,05F0055S,05F0287S,31,998,16
2026/07/03 01:40,05F0055S,05F0287S,32,1087,3
2026/07/03 01:40,05F0055S,05F0287S,41,0,0
2026/07/03 01:40,05F0055S,05F0287S,42,0,0
2026/07/03 01:40,05F0055S,05F0287S,5,0,0
2026/07/03 01:40,05F0287S,05F0309S,31,85,9
2026/07/03 01:40,05F0287S,05F0309S,32,87,3
2026/07/03 01:40,05F0287S,05F0309S,41,0,0
2026/07/03 01:40,05F0287S,05F0309S,42,0,0
2026/07/03 01:40,05F0287S,05F0309S,5,0,0
2026/07/03 01:40,05F0309S,05F0439S,31,486,5
2026/07/03 01:40,05F0309S,05F0439S,32,487,3
2026/07/03 01:40,05F0309S,05F0439S,41,0,0
2026/07/03 01:40,05F0309S,05F0439S,42,502,2
2026/07/03 01:40,05F0309S,05F0439S,5,0,0
2026/07/03 01:40,05F0439S,05F0494S,31,0,0
2026/07/03 01:40,05F0439S,05F0494S,32,0,0
2026/07/03 01:40,05F0439S,05F0494S,41,0,0
2026/07/03 01:40,05F0439S,05F0494S,42,0,0
2026/07/03 01:40,05F0439S,05F0494S,5,256,1
2026/07/03 01:45,05F0000S,05F0055S,31,220,9
2026/07/03 01:45,05F0000S,05F0055S,32,226,6
2026/07/03 01:45,05F0000S,05F0055S,41,0,0
2026/07/03 01:45,05F0000S,05F0055S,42,0,0
2026/07/03 01:45,05F0000S,05F0055S,5,0,0
2026/07/03 01:45,05F0055S,05F0287S,31,967,17
2026/07/03 01:45,05F0055S,05F0287S,32,989,7
2026/07/03 01:45,05F0055S,05F0287S,41,1040,1
2026/07/03 01:45,05F0055S,05F0287S,42,0,0
2026/07/03 01:45,05F0055S,05F0287S,5,0,0
2026/07/03 01:45,05F0287S,05F0309S,31,86,12
2026/07/03 01:45,05F0287S,05F0309S,32,91,6
2026/07/03 01:45,05F0287S,05F0309S,41,0,0
2026/07/03 01:45,05F0287S,05F0309S,42,0,0
2026/07/03 01:45,05F0287S,05F0309S,5,0,0
2026/07/03 01:45,05F0309S,05F0439S,31,495,9
2026/07/03 01:45,05F0309S,05F0439S,32,523,4
2026/07/03 01:45,05F0309S,05F0439S,41,0,0
2026/07/03 01:45,05F0309S,05F0439S,42,620,1
2026/07/03 01:45,05F0309S,05F0439S,5,555,3
2026/07/03 01:45,05F0439S,05F0494S,31,186,1
2026/07/03 01:45,05F0439S,05F0494S,32,202,3
2026/07/03 01:45,05F0439S,05F0494S,41,0,0
2026/07/03 01:45,05F0439S,05F0494S,42,213,2
2026/07/03 01:45,05F0439S,05F0494S,5,0,0
2026/07/03 01:50,05F0000S,05F0055S,31,239,14
2026/07/03 01:50,05F0000S,05F0055S,32,236,4
2026/07/03 01:50,05F0000S,05F0055S,41,0,0
2026/07/03 01:50,05F0000S,05F0055S,42,0,0
2026/07/03 01:50,05F0000S,05F0055S,5,0,0
2026/07/03 01:50,05F0055S,05F0287S,31,956,10
2026/07/03 01:50,05F0055S,05F0287S,32,942,5
2026/07/03 01:50,05F0055S,05F0287S,41,0,0
2026/07/03 01:50,05F0055S,05F0287S,42,0,0
2026/07/03 01:50,05F0055S,05F0287S,5,0,0
2026/07/03 01:50,05F0287S,05F0309S,31,81,6
2026/07/03 01:50,05F0287S,05F0309S,32,86,2
2026/07/03 01:50,05F0287S,05F0309S,41,0,0
2026/07/03 01:50,05F0287S,05F0309S,42,0,0
2026/07/03 01:50,05F0287S,05F0309S,5,0,0
2026/07/03 01:50,05F0309S,05F0439S,31,491,5
2026/07/03 01:50,05F0309S,05F0439S,32,497,1
2026/07/03 01:50,05F0309S,05F0439S,41,0,0
2026/07/03 01:50,05F0309S,05F0439S,42,550,1
2026/07/03 01:50,05F0309S,05F0439S,5,482,2
2026/07/03 01:50,05F0439S,05F0494S,31,223,3
2026/07/03 01:50,05F0439S,05F0494S,32,223,3
2026/07/03 01:50,05F0439S,05F0494S,41,0,0
2026/07/03 01:50,05F0439S,05F0494S,42,253,1
2026/07/03 01:50,05F0439S,05F0494S,5,203,2
2026/07/03 01:55,05F0000S,05F0055S,31,227,9
2026/07/03 01:55,05F0000S,05F0055S,32,230,4
2026/07/03 01:55,05F0000S,05F0055S,41,0,0
2026/07/03 01:55,05F0000S,05F0055S,42,0,0
2026/07/03 01:55,05F0000S,05F0055S,5,0,0
2026/07/03 01:55,05F0055S,05F0287S,31,955,6
2026/07/03 01:55,05F0055S,05F0287S,32,980,4
2026/07/03 01:55,05F0055S,05F0287S,41,0,0
2026/07/03 01:55,05F0055S,05F0287S,42,0,0
2026/07/03 01:55,05F0055S,05F0287S,5,0,0
2026/07/03 01:55,05F0287S,05F0309S,31,85,8
2026/07/03 01:55,05F0287S,05F0309S,32,84,6
2026/07/03 01:55,05F0287S,05F0309S,41,0,0
2026/07/03 01:55,05F0287S,05F0309S,42,0,0
2026/07/03 01:55,05F0287S,05F0309S,5,0,0
2026/07/03 01:55,05F0309S,05F0439S,31,480,11
2026/07/03 01:55,05F0309S,05F0439S,32,482,4
2026/07/03 01:55,05F0309S,05F0439S,41,0,0
2026/07/03 01:55,05F0309S,05F0439S,42,477,4
2026/07/03 01:55,05F0309S,05F0439S,5,516,2
2026/07/03 01:55,05F0439S,05F0494S,31,178,2
2026/07/03 01:55,05F0439S,05F0494S,32,0,0
2026/07/03 01:55,05F0439S,05F0494S,41,0,0
2026/07/03 01:55,05F0439S,05F0494S,42,237,2
2026/07/03 01:55,05F0439S,05F0494S,5,251,1
2026/07/03 02:00,05F0000S,05F0055S,31,228,7
2026/07/03 02:00,05F0000S,05F0055S,32,260,3
2026/07/03 02:00,05F0000S,05F0055S,41,0,0
2026/07/03 02:00,05F0000S,05F0055S,42,0,0
2026/07/03 02:00,05F0000S,05F0055S,5,0,0
2026/07/03 02:00,05F0055S,05F0287S,31,920,8
2026/07/03 02:00,05F0055S,05F0287S,32,998,3
2026/07/03 02:00,05F0055S,05F0287S,41,0,0
2026/07/03 02:00,05F0055S,05F0287S,42,0,0
2026/07/03 02:00,05F0055S,05F0287S,5,0,0
2026/07/03 02:00,05F0287S,05F0309S,31,92,9
2026/07/03 02:00,05F0287S,05F0309S,32,88,1
2026/07/03 02:00,05F0287S,05F0309S,41,0,0
2026/07/03 02:00,05F0287S,05F0309S,42,0,0
2026/07/03 02:00,05F0287S,05F0309S,5,0,0
2026/07/03 02:00,05F0309S,05F0439S,31,496,4
2026/07/03 02:00,05F0309S,05F0439S,32,462,2
2026/07/03 02:00,05F0309S,05F0439S,41,0,0
2026/07/03 02:00,05F0309S,05F0439S,42,0,0
2026/07/03 02:00,05F0309S,05F0439S,5,549,1
2026/07/03 02:00,05F0439S,05F0494S,31,206,4
2026/07/03 02:00,05F0439S,05F0494S,32,197,1
2026/07/03 02:00,05F0439S,05F0494S,41,0,0
2026/07/03 02:00,05F0439S,05F0494S,42,207,4
2026/07/03 02:00,05F0439S,05F0494S,5,218,2
2026/07/03 02:05,05F0000S,05F0055S,31,215,4
2026/07/03 02:05,05F0000S,05F0055S,32,232,7
2026/07/03 02:05,05F0000S,05F0055S,41,0,0
2026/07/03 02:05,05F0000S,05F0055S,42,0,0
2026/07/03 02:05,05F0000S,05F0055S,5,0,0
2026/07/03 02:05,05F0055S,05F0287S,31,947,10
2026/07/03 02:05,05F0055S,05F0287S,32,980,6
2026/07/03 02:05,05F0055S,05F0287S,41,0,0
2026/07/03 02:05,05F0055S,05F0287S,42,0,0
2026/07/03 02:05,05F0055S,05F0287S,5,0,0
2026/07/03 02:05,05F0287S,05F0309S,31,84,5
2026/07/03 02:05,05F0287S,05F0309S,32,89,5
2026/07/03 02:05,05F0287S,05F0309S,41,0,0
2026/07/03 02:05,05F0287S,05F0309S,42,0,0
2026/07/03 02:05,05F0287S,05F0309S,5,0,0
2026/07/03 02:05,05F0309S,05F0439S,31,474,3
2026/07/03 02:05,05F0309S,05F0439S,32,502,3
2026/07/03 02:05,05F0309S,05F0439S,41,0,0
2026/07/03 02:05,05F0309S,05F0439S,42,504,1
2026/07/03 02:05,05F0309S,05F0439S,5,0,0
2026/07/03 02:05,05F0439S,05F0494S,31,204,3
2026/07/03 02:05,05F0439S,05F0494S,32,204,4
2026/07/03 02:05,05F0439S,05F0494S,41,0,0
2026/07/03 02:05,05F0439S,05F0494S,42,0,0
2026/07/03 02:05,05F0439S,05F0494S,5,0,0
2026/07/03 02:10,05F0000S,05F0055S,31,230,11
2026/07/03 02:10,05F0000S,05F0055S,32,243,10
2026/07/03 02:10,05F0000S,05F0055S,41,0,0
2026/07/03 02:10,05F0000S,05F0055S,42,1997,1
2026/07/03 02:10,05F0000S,05F0055S,5,0,0
2026/07/03 02:10,05F0055S,05F0287S,31,963,14
2026/07/03 02:10,05F0055S,05F0287S,32,967,6
2026/07/03 02:10,05F0055S,05F0287S,41,0,0
2026/07/03 02:10,05F0055S,05F0287S,42,0,0
2026/07/03 02:10,05F0055S,05F0287S,5,0,0
2026/07/03 02:10,05F0287S,05F0309S,31,91,8
2026/07/03 02:10,05F0287S,05F0309S,32,84,4
2026/07/03 02:10,05F0287S,05F0309S,41,0,0
2026/07/03 02:10,05F0287S,05F0309S,42,0,0
2026/07/03 02:10,05F0287S,05F0309S,5,0,0
2026/07/03 02:10,05F0309S,05F0439S,31,483,7
2026/07/03 02:10,05F0309S,05F0439S,32,450,2
2026/07/03 02:10,05F0309S,05F0439S,41,0,0
2026/07/03 02:10,05F0309S,05F0439S,42,0,0
2026/07/03 02:10,05F0309S,05F0439S,5,671,1
2026/07/03 02:10,05F0439S,05F0494S,31,202,1
2026/07/03 02:10,05F0439S,05F0494S,32,294,1
2026/07/03 02:10,05F0439S,05F0494S,41,0,0
2026/07/03 02:10,05F0439S,05F0494S,42,222,1
2026/07/03 02:10,05F0439S,05F0494S,5,0,0
2026/07/03 02:15,05F0000S,05F0055S,31,227,15
2026/07/03 02:15,05F0000S,05F0055S,32,232,10
2026/07/03 02:15,05F0000S,05F0055S,41,0,0
2026/07/03 02:15,05F0000S,05F0055S,42,0,0
2026/07/03 02:15,05F0000S,05F0055S,5,0,0
2026/07/03 02:15,05F0055S,05F0287S,31,946,7
2026/07/03 02:15,05F0055S,05F0287S,32,985,2
2026/07/03 02:15,05F0055S,05F0287S,41,0,0
2026/07/03 02:15,05F0055S,05F0287S,42,0,0
2026/07/03 02:15,05F0055S,05F0287S,5,0,0
2026/07/03 02:15,05F0287S,05F0309S,31,83,9
2026/07/03 02:15,05F0287S,05F0309S,32,83,3
2026/07/03 02:15,05F0287S,05F0309S,41,0,0
2026/07/03 02:15,05F0287S,05F0309S,42,0,0
2026/07/03 02:15,05F0287S,05F0309S,5,0,0
2026/07/03 02:15,05F0309S,05F0439S,31,475,5
2026/07/03 02:15,05F0309S,05F0439S,32,509,5
2026/07/03 02:15,05F0309S,05F0439S,41,0,0
2026/07/03 02:15,05F0309S,05F0439S,42,552,3
2026/07/03 02:15,05F0309S,05F0439S,5,483,3
2026/07/03 02:15,05F0439S,05F0494S,31,203,4
2026/07/03 02:15,05F0439S,05F0494S,32,209,2
2026/07/03 02:15,05F0439S,05F0494S,41,0,0
2026/07/03 02:15,05F0439S,05F0494S,42,193,1
2026/07/03 02:15,05F0439S,05F0494S,5,284,1
2026/07/03 02:20,05F0000S,05F0055S,31,218,9
2026/07/03 02:20,05F0000S,05F0055S,32,230,3
2026/07/03 02:20,05F0000S,05F0055S,41,0,0
2026/07/03 02:20,05F0000S,05F0055S,42,0,0
2026/07/03 02:20,05F0000S,05F0055S,5,0,0
2026/07/03 02:20,05F0055S,05F0287S,31,903,5
2026/07/03 02:20,05F0055S,05F0287S,32,931,9
2026/07/03 02:20,05F0055S,05F0287S,41,0,0
2026/07/03 02:20,05F0055S,05F0287S,42,0,0
2026/07/03 02:20,05F0055S,05F0287S,5,0,0
2026/07/03 02:20,05F0287S,05F0309S,31,79,4
2026/07/03 02:20,05F0287S,05F0309S,32,91,5
2026/07/03 02:20,05F0287S,05F0309S,41,0,0
2026/07/03 02:20,05F0287S,05F0309S,42,0,0
2026/07/03 02:20,05F0287S,05F0309S,5,0,0
2026/07/03 02:20,05F0309S,05F0439S,31,509,7
2026/07/03 02:20,05F0309S,05F0439S,32,489,2
2026/07/03 02:20,05F0309S,05F0439S,41,0,0
2026/07/03 02:20,05F0309S,05F0439S,42,520,2
2026/07/03 02:20,05F0309S,05F0439S,5,502,1
2026/07/03 02:20,05F0439S,05F0494S,31,219,1
2026/07/03 02:20,05F0439S,05F0494S,32,222,3
2026/07/03 02:20,05F0439S,05F0494S,41,0,0
2026/07/03 02:20,05F0439S,05F0494S,42,227,3
2026/07/03 02:20,05F0439S,05F0494S,5,233,1
2026/07/03 02:25,05F0000S,05F0055S,31,245,7
2026/07/03 02:25,05F0000S,05F0055S,32,245,4
2026/07/03 02:25,05F0000S,05F0055S,41,0,0
2026/07/03 02:25,05F0000S,05F0055S,42,0,0
2026/07/03 02:25,05F0000S,05F0055S,5,0,0
2026/07/03 02:25,05F0055S,05F0287S,31,909,8
2026/07/03 02:25,05F0055S,05F0287S,32,935,6
2026/07/03 02:25,05F0055S,05F0287S,41,0,0
2026/07/03 02:25,05F0055S,05F0287S,42,0,0
2026/07/03 02:25,05F0055S,05F0287S,5,0,0
2026/07/03 02:25,05F0287S,05F0309S,31,83,5
2026/07/03 02:25,05F0287S,05F0309S,32,78,5
2026/07/03 02:25,05F0287S,05F0309S,41,0,0
2026/07/03 02:25,05F0287S,05F0309S,42,0,0
2026/07/03 02:25,05F0287S,05F0309S,5,0,0
2026/07/03 02:25,05F0309S,05F0439S,31,428,2
2026/07/03 02:25,05F0309S,05F0439S,32,471,1
2026/07/03 02:25,05F0309S,05F0439S,41,0,0
2026/07/03 02:25,05F0309S,05F0439S,42,0,0
2026/07/03 02:25,05F0309S,05F0439S,5,478,2
2026/07/03 02:25,05F0439S,05F0494S,31,191,2
2026/07/03 02:25,05F0439S,05F0494S,32,205,2
2026/07/03 02:25,05F0439S,05F0494S,41,0,0
2026/07/03 02:25,05F0439S,05F0494S,42,0,0
2026/07/03 02:25,05F0439S,05F0494S,5,212,1
2026/07/03 02:30,05F0000S,05F0055S,31,236,7
2026/07/03 02:30,05F0000S,05F0055S,32,219,9
2026/07/03 02:30,05F0000S,05F0055S,41,0,0
2026/07/03 02:30,05F0000S,05F0055S,42,0,0
2026/07/03 02:30,05F0000S,05F0055S,5,0,0
2026/07/03 02:30,05F0055S,05F0287S,31,970,12
2026/07/03 02:30,05F0055S,05F0287S,32,961,11
2026/07/03 02:30,05F0055S,05F0287S,41,0,0
2026/07/03 02:30,05F0055S,05F0287S,42,0,0
2026/07/03 02:30,05F0055S,05F0287S,5,0,0
2026/07/03 02:30,05F0287S,05F0309S,31,87,12
2026/07/03 02:30,05F0287S,05F0309S,32,87,10
2026/07/03 02:30,05F0287S,05F0309S,41,0,0
2026/07/03 02:30,05F0287S,05F0309S,42,104,1
2026/07/03 02:30,05F0287S,05F0309S,5,0,0
2026/07/03 02:30,05F0309S,05F0439S,31,469,2
2026/07/03 02:30,05F0309S,05F0439S,32,446,5
2026/07/03 02:30,05F0309S,05F0439S,41,0,0
2026/07/03 02:30,05F0309S,05F0439S,42,0,0
2026/07/03 02:30,05F0309S,05F0439S,5,493,2
2026/07/03 02:30,05F0439S,05F0494S,31,245,1
2026/07/03 02:30,05F0439S,05F0494S,32,0,0
2026/07/03 02:30,05F0439S,05F0494S,41,0,0
2026/07/03 02:30,05F0439S,05F0494S,42,0,0
2026/07/03 02:30,05F0439S,05F0494S,5,205,2
2026/07/03 02:35,05F0000S,05F0055S,31,242,2
2026/07/03 02:35,05F0000S,05F0055S,32,236,3
2026/07/03 02:35,05F0000S,05F0055S,41,0,0
2026/07/03 02:35,05F0000S,05F0055S,42,0,0
2026/07/03 02:35,05F0000S,05F0055S,5,0,0
2026/07/03 02:35,05F0055S,05F0287S,31,934,13
2026/07/03 02:35,05F0055S,05F0287S,32,964,4
2026/07/03 02:35,05F0055S,05F0287S,41,0,0
2026/07/03 02:35,05F0055S,05F0287S,42,0,0
2026/07/03 02:35,05F0055S,05F0287S,5,0,0
2026/07/03 02:35,05F0287S,05F0309S,31,81,10
2026/07/03 02:35,05F0287S,05F0309S,32,89,7
2026/07/03 02:35,05F0287S,05F0309S,41,0,0
2026/07/03 02:35,05F0287S,05F0309S,42,0,0
2026/07/03 02:35,05F0287S,05F0309S,5,0,0
2026/07/03 02:35,05F0309S,05F0439S,31,446,5
2026/07/03 02:35,05F0309S,05F0439S,32,460,7
2026/07/03 02:35,05F0309S,05F0439S,41,0,0
2026/07/03 02:35,05F0309S,05F0439S,42,560,3
2026/07/03 02:35,05F0309S,05F0439S,5,489,3
2026/07/03 02:35,05F0439S,05F0494S,31,0,0
2026/07/03 02:35,05F0439S,05F0494S,32,212,2
2026/07/03 02:35,05F0439S,05F0494S,41,0,0
2026/07/03 02:35,05F0439S,05F0494S,42,0,0
2026/07/03 02:35,05F0439S,05F0494S,5,200,2
2026/07/03 02:40,05F0000S,05F0055S,31,234,13
2026/07/03 02:40,05F0000S,05F0055S,32,223,9
2026/07/03 02:40,05F0000S,05F0055S,41,0,0
2026/07/03 02:40,05F0000S,05F0055S,42,0,0
2026/07/03 02:40,05F0000S,05F0055S,5,0,0
2026/07/03 02:40,05F0055S,05F0287S,31,976,9
2026/07/03 02:40,05F0055S,05F0287S,32,973,4
2026/07/03 02:40,05F0055S,05F0287S,41,0,0
2026/07/03 02:40,05F0055S,05F0287S,42,0,0
2026/07/03 02:40,05F0055S,05F0287S,5,0,0
2026/07/03 02:40,05F0287S,05F0309S,31,87,9
2026/07/03 02:40,05F0287S,05F0309S,32,98,1
2026/07/03 02:40,05F0287S,05F0309S,41,0,0
2026/07/03 02:40,05F0287S,05F0309S,42,0,0
2026/07/03 02:40,05F0287S,05F0309S,5,0,0
2026/07/03 02:40,05F0309S,05F0439S,31,492,6
2026/07/03 02:40,05F0309S,05F0439S,32,540,7
2026/07/03 02:40,05F0309S,05F0439S,41,0,0
2026/07/03 02:40,05F0309S,05F0439S,42,566,2
2026/07/03 02:40,05F0309S,05F0439S,5,531,4
2026/07/03 02:40,05F0439S,05F0494S,31,199,2
2026/07/03 02:40,05F0439S,05F0494S,32,204,4
2026/07/03 02:40,05F0439S,05F0494S,41,0,0
2026/07/03 02:40,05F0439S,05F0494S,42,259,2
2026/07/03 02:40,05F0439S,05F0494S,5,232,2
2026/07/03 02:45,05F0000S,05F0055S,31,232,9
2026/07/03 02:45,05F0000S,05F0055S,32,217,2
2026/07/03 02:45,05F0000S,05F0055S,41,0,0
2026/07/03 02:45,05F0000S,05F0055S,42,0,0
2026/07/03 02:45,05F0000S,05F0055S,5,0,0
2026/07/03 02:45,05F0055S,05F0287S,31,942,7
2026/07/03 02:45,05F0055S,05F0287S,32,913,9
2026/07/03 02:45,05F0055S,05F0287S,41,0,0
2026/07/03 02:45,05F0055S,05F0287S,42,0,0
2026/07/03 02:45,05F0055S,05F0287S,5,0,0
2026/07/03 02:45,05F0287S,05F0309S,31,84,7
2026/07/03 02:45,05F0287S,05F0309S,32,85,9
2026/07/03 02:45,05F0287S,05F0309S,41,0,0
2026/07/03 02:45,05F0287S,05F0309S,42,0,0
2026/07/03 02:45,05F0287S,05F0309S,5,0,0
2026/07/03 02:45,05F0309S,05F0439S,31,493,9
2026/07/03 02:45,05F0309S,05F0439S,32,442,2
2026/07/03 02:45,05F0309S,05F0439S,41,0,0
2026/07/03 02:45,05F0309S,05F0439S,42,0,0
2026/07/03 02:45,05F0309S,05F0439S,5,529,2
2026/07/03 02:45,05F0439S,05F0494S,31,206,2
2026/07/03 02:45,05F0439S,05F0494S,32,219,6
2026/07/03 02:45,05F0439S,05F0494S,41,0,0
2026/07/03 02:45,05F0439S,05F0494S,42,236,1
2026/07/03 02:45,05F0439S,05F0494S,5,224,3
2026/07/03 02:50,05F0000S,05F0055S,31,225,6
2026/07/03 02:50,05F0000S,05F0055S,32,232,8
2026/07/03 02:50,05F0000S,05F0055S,41,0,0
2026/07/03 02:50,05F0000S,05F0055S,42,259,1
2026/07/03 02:50,05F0000S,05F0055S,5,0,0
2026/07/03 02:50,05F0055S,05F0287S,31,1025,5
2026/07/03 02:50,05F0055S,05F0287S,32,1004,4
2026/07/03 02:50,05F0055S,05F0287S,41,0,0
2026/07/03 02:50,05F0055S,05F0287S,42,0,0
2026/07/03 02:50,05F0055S,05F0287S,5,0,0
2026/07/03 02:50,05F0287S,05F0309S,31,91,6
2026/07/03 02:50,05F0287S,05F0309S,32,92,3
2026/07/03 02:50,05F0287S,05F0309S,41,0,0
2026/07/03 02:50,05F0287S,05F0309S,42,0,0
2026/07/03 02:50,05F0287S,05F0309S,5,0,0
2026/07/03 02:50,05F0309S,05F0439S,31,482,7
2026/07/03 02:50,05F0309S,05F0439S,32,502,3
2026/07/03 02:50,05F0309S,05F0439S,41,0,0
2026/07/03 02:50,05F0309S,05F0439S,42,486,1
2026/07/03 02:50,05F0309S,05F0439S,5,609,1
2026/07/03 02:50,05F0439S,05F0494S,31,217,4
2026/07/03 02:50,05F0439S,05F0494S,32,206,1
2026/07/03 02:50,05F0439S,05F0494S,41,0,0
2026/07/03 02:50,05F0439S,05F0494S,42,216,2
2026/07/03 02:50,05F0439S,05F0494S,5,220,1
2026/07/03 02:55,05F0000S,05F0055S,31,231,7
2026/07/03 02:55,05F0000S,05F0055S,32,214,9
2026/07/03 02:55,05F0000S,05F0055S,41,0,0
2026/07/03 02:55,05F0000S,05F0055S,42,0,0
2026/07/03 02:55,05F0000S,05F0055S,5,0,0
2026/07/03 02:55,05F0055S,05F0287S,31,959,11
2026/07/03 02:55,05F0055S,05F0287S,32,927,8
2026/07/03 02:55,05F0055S,05F0287S,41,0,0
2026/07/03 02:55,05F0055S,05F0287S,42,0,0
2026/07/03 02:55,05F0055S,05F0287S,5,0,0
2026/07/03 02:55,05F0287S,05F0309S,31,88,4
2026/07/03 02:55,05F0287S,05F0309S,32,88,7
2026/07/03 02:55,05F0287S,05F0309S,41,0,0
2026/07/03 02:55,05F0287S,05F0309S,42,0,0
2026/07/03 02:55,05F0287S,05F0309S,5,0,0
2026/07/03 02:55,05F0309S,05F0439S,31,458,5
2026/07/03 02:55,05F0309S,05F0439S,32,486,6
2026/07/03 02:55,05F0309S,05F0439S,41,0,0
2026/07/03 02:55,05F0309S,05F0439S,42,0,0
2026/07/03 02:55,05F0309S,05F0439S,5,523,6
2026/07/03 02:55,05F0439S,05F0494S,31,183,5
2026/07/03 02:55,05F0439S,05F0494S,32,204,5
2026/07/03 02:55,05F0439S,05F0494S,41,0,0
2026/07/03 02:55,05F0439S,05F0494S,42,203,1
2026/07/03 02:55,05F0439S,05F0494S,5,244,2
2026/07/03 03:00,05F0000S,05F0055S,31,218,7
2026/07/03 03:00,05F0000S,05F0055S,32,218,4
2026/07/03 03:00,05F0000S,05F0055S,41,250,1
2026/07/03 03:00,05F0000S,05F0055S,42,0,0
2026/07/03 03:00,05F0000S,05F0055S,5,0,0
2026/07/03 03:00,05F0055S,05F0287S,31,954,10
2026/07/03 03:00,05F0055S,05F0287S,32,1045,2
2026/07/03 03:00,05F0055S,05F0287S,41,0,0
2026/07/03 03:00,05F0055S,05F0287S,42,0,0
2026/07/03 03:00,05F0055S,05F0287S,5,0,0
2026/07/03 03:00,05F0287S,05F0309S,31,87,8
2026/07/03 03:00,05F0287S,05F0309S,32,114,2
2026/07/03 03:00,05F0287S,05F0309S,41,0,0
2026/07/03 03:00,05F0287S,05F0309S,42,0,0
2026/07/03 03:00,05F0287S,05F0309S,5,0,0
2026/07/03 03:00,05F0309S,05F0439S,31,495,1
2026/07/03 03:00,05F0309S,05F0439S,32,505,2
2026/07/03 03:00,05F0309S,05F0439S,41,0,0
2026/07/03 03:00,05F0309S,05F0439S,42,498,1
2026/07/03 03:00,05F0309S,05F0439S,5,0,0
2026/07/03 03:00,05F0439S,05F0494S,31,205,3
2026/07/03 03:00,05F0439S,05F0494S,32,211,1
2026/07/03 03:00,05F0439S,05F0494S,41,0,0
2026/07/03 03:00,05F0439S,05F0494S,42,206,1
2026/07/03 03:00,05F0439S,05F0494S,5,203,3
2026/07/03 03:05,05F0000S,05F0055S,31,229,2
2026/07/03 03:05,05F0000S,05F0055S,32,241,9
2026/07/03 03:05,05F0000S,05F0055S,41,0,0
2026/07/03 03:05,05F0000S,05F0055S,42,0,0
2026/07/03 03:05,05F0000S,05F0055S,5,0,0
2026/07/03 03:05,05F0055S,05F0287S,31,947,9
2026/07/03 03:05,05F0055S,05F0287S,32,959,8
2026/07/03 03:05,05F0055S,05F0287S,41,0,0
2026/07/03 03:05,05F0055S,05F0287S,42,0,0
2026/07/03 03:05,05F0055S,05F0287S,5,0,0
2026/07/03 03:05,05F0287S,05F0309S,31,84,9
2026/07/03 03:05,05F0287S,05F0309S,32,86,4
2026/07/03 03:05,05F0287S,05F0309S,41,0,0
2026/07/03 03:05,05F0287S,05F0309S,42,0,0
2026/07/03 03:05,05F0287S,05F0309S,5,0,0
2026/07/03 03:05,05F0309S,05F0439S,31,463,5
2026/07/03 03:05,05F0309S,05F0439S,32,435,1
2026/07/03 03:05,05F0309S,05F0439S,41,0,0
2026/07/03 03:05,05F0309S,05F0439S,42,583,3
2026/07/03 03:05,05F0309S,05F0439S,5,560,2
2026/07/03 03:05,05F0439S,05F0494S,31,157,1
2026/07/03 03:05,05F0439S,05F0494S,32,0,0
2026/07/03 03:05,05F0439S,05F0494S,41,0,0
2026/07/03 03:05,05F0439S,05F0494S,42,0,0
2026/07/03 03:05,05F0439S,05F0494S,5,0,0
2026/07/03 03:10,05F0000S,05F0055S,31,249,5
2026/07/03 03:10,05F0000S,05F0055S,32,253,9
2026/07/03 03:10,05F0000S,05F0055S,41,0,0
2026/07/03 03:10,05F0000S,05F0055S,42,0,0
2026/07/03 03:10,05F0000S,05F0055S,5,0,0
2026/07/03 03:10,05F0055S,05F0287S,31,951,8
2026/07/03 03:10,05F0055S,05F0287S,32,915,9
2026/07/03 03:10,05F0055S,05F0287S,41,0,0
2026/07/03 03:10,05F0055S,05F0287S,42,1341,1
2026/07/03 03:10,05F0055S,05F0287S,5,0,0
2026/07/03 03:10,05F0287S,05F0309S,31,82,6
2026/07/03 03:10,05F0287S,05F0309S,32,82,10
2026/07/03 03:10,05F0287S,05F0309S,41,0,0
2026/07/03 03:10,05F0287S,05F0309S,42,0,0
2026/07/03 03:10,05F0287S,05F0309S,5,0,0
2026/07/03 03:10,05F0309S,05F0439S,31,490,4
2026/07/03 03:10,05F0309S,05F0439S,32,0,0
2026/07/03 03:10,05F0309S,05F0439S,41,0,0
2026/07/03 03:10,05F0309S,05F0439S,42,0,0
2026/07/03 03:10,05F0309S,05F0439S,5,543,4
2026/07/03 03:10,05F0439S,05F0494S,31,208,4
2026/07/03 03:10,05F0439S,05F0494S,32,199,2
2026/07/03 03:10,05F0439S,05F0494S,41,0,0
2026/07/03 03:10,05F0439S,05F0494S,42,237,2
2026/07/03 03:10,05F0439S,05F0494S,5,232,2
2026/07/03 03:15,05F0000S,05F0055S,31,252,10
2026/07/03 03:15,05F0000S,05F0055S,32,235,7
2026/07/03 03:15,05F0000S,05F0055S,41,0,0
2026/07/03 03:15,05F0000S,05F0055S,42,0,0
2026/07/03 03:15,05F0000S,05F0055S,5,0,0
2026/07/03 03:15,05F0055S,05F0287S,31,923,6
2026/07/03 03:15,05F0055S,05F0287S,32,927,4
2026/07/03 03:15,05F0055S,05F0287S,41,1035,1
2026/07/03 03:15,05F0055S,05F0287S,42,0,0
2026/07/03 03:15,05F0055S,05F0287S,5,0,0
2026/07/03 03:15,05F0287S,05F0309S,31,84,3
2026/07/03 03:15,05F0287S,05F0309S,32,90,4
2026/07/03 03:15,05F0287S,05F0309S,41,0,0
2026/07/03 03:15,05F0287S,05F0309S,42,87,1
2026/07/03 03:15,05F0287S,05F0309S,5,0,0
2026/07/03 03:15,05F0309S,05F0439S,31,480,3
2026/07/03 03:15,05F0309S,05F0439S,32,485,8
2026/07/03 03:15,05F0309S,05F0439S,41,0,0
2026/07/03 03:15,05F0309S,05F0439S,42,0,0
2026/07/03 03:15,05F0309S,05F0439S,5,493,3
2026/07/03 03:15,05F0439S,05F0494S,31,0,0
2026/07/03 03:15,05F0439S,05F0494S,32,203,2
2026/07/03 03:15,05F0439S,05F0494S,41,0,0
2026/07/03 03:15,05F0439S,05F0494S,42,0,0
2026/07/03 03:15,05F0439S,05F0494S,5,213,4
2026/07/03 03:20,05F0000S,05F0055S,31,256,2
2026/07/03 03:20,05F0000S,05F0055S,32,235,7
2026/07/03 03:20,05F0000S,05F0055S,41,0,0
2026/07/03 03:20,05F0000S,05F0055S,42,0,0
2026/07/03 03:20,05F0000S,05F0055S,5,0,0
2026/07/03 03:20,05F0055S,05F0287S,31,937,4
2026/07/03 03:20,05F0055S,05F0287S,32,955,7
2026/07/03 03:20,05F0055S,05F0287S,41,0,0
2026/07/03 03:20,05F0055S,05F0287S,42,0,0
2026/07/03 03:20,05F0055S,05F0287S,5,0,0
2026/07/03 03:20,05F0287S,05F0309S,31,87,4
2026/07/03 03:20,05F0287S,05F0309S,32,85,5
2026/07/03 03:20,05F0287S,05F0309S,41,93,1
2026/07/03 03:20,05F0287S,05F0309S,42,0,0
2026/07/03 03:20,05F0287S,05F0309S,5,0,0
2026/07/03 03:20,05F0309S,05F0439S,31,442,2
2026/07/03 03:20,05F0309S,05F0439S,32,446,1
2026/07/03 03:20,05F0309S,05F0439S,41,0,0
2026/07/03 03:20,05F0309S,05F0439S,42,493,1
2026/07/03 03:20,05F0309S,05F0439S,5,483,1
2026/07/03 03:20,05F0439S,05F0494S,31,180,1
2026/07/03 03:20,05F0439S,05F0494S,32,194,4
2026/07/03 03:20,05F0439S,05F0494S,41,0,0
2026/07/03 03:20,05F0439S,05F0494S,42,0,0
2026/07/03 03:20,05F0439S,05F0494S,5,204,1
2026/07/03 03:25,05F0000S,05F0055S,31,248,13
2026/07/03 03:25,05F0000S,05F0055S,32,240,7
2026/07/03 03:25,05F0000S,05F0055S,41,0,0
2026/07/03 03:25,05F0000S,05F0055S,42,0,0
2026/07/03 03:25,05F0000S,05F0055S,5,0,0
2026/07/03 03:25,05F0055S,05F0287S,31,928,3
2026/07/03 03:25,05F0055S,05F0287S,32,1011,10
2026/07/03 03:25,05F0055S,05F0287S,41,0,0
2026/07/03 03:25,05F0055S,05F0287S,42,0,0
2026/07/03 03:25,05F0055S,05F0287S,5,0,0
2026/07/03 03:25,05F0287S,05F0309S,31,88,2
2026/07/03 03:25,05F0287S,05F0309S,32,91,8
2026/07/03 03:25,05F0287S,05F0309S,41,0,0
2026/07/03 03:25,05F0287S,05F0309S,42,102,1
2026/07/03 03:25,05F0287S,05F0309S,5,0,0
2026/07/03 03:25,05F0309S,05F0439S,31,454,2
2026/07/03 03:25,05F0309S,05F0439S,32,518,6
2026/07/03 03:25,05F0309S,05F0439S,41,539,1
2026/07/03 03:25,05F0309S,05F0439S,42,594,1
2026/07/03 03:25,05F0309S,05F0439S,5,492,3
2026/07/03 03:25,05F0439S,05F0494S,31,186,1
2026/07/03 03:25,05F0439S,05F0494S,32,0,0
2026/07/03 03:25,05F0439S,05F0494S,41,0,0
2026/07/03 03:25,05F0439S,05F0494S,42,0,0
2026/07/03 03:25,05F0439S,05F0494S,5,0,0
2026/07/03 03:30,05F0000S,05F0055S,31,231,11
2026/07/03 03:30,05F0000S,05F0055S,32,247,9
2026/07/03 03:30,05F0000S,05F0055S,41,0,0
2026/07/03 03:30,05F0000S,05F0055S,42,0,0
2026/07/03 03:30,05F0000S,05F0055S,5,0,0
2026/07/03 03:30,05F0055S,05F0287S,31,956,10
2026/07/03 03:30,05F0055S,05F0287S,32,951,7
2026/07/03 03:30,05F0055S,05F0287S,41,0,0
2026/07/03 03:30,05F0055S,05F0287S,42,0,0
2026/07/03 03:30,05F0055S,05F0287S,5,0,0
2026/07/03 03:30,05F0287S,05F0309S,31,88,9
2026/07/03 03:30,05F0287S,05F0309S,32,97,3
2026/07/03 03:30,05F0287S,05F0309S,41,0,0
2026/07/03 03:30,05F0287S,05F0309S,42,0,0
2026/07/03 03:30,05F0287S,05F0309S,5,0,0
2026/07/03 03:30,05F0309S,05F0439S,31,489,4
2026/07/03 03:30,05F0309S,05F0439S,32,467,4
2026/07/03 03:30,05F0309S,05F0439S,41,0,0
2026/07/03 03:30,05F0309S,05F0439S,42,543,2
2026/07/03 03:30,05F0309S,05F0439S,5,494,3
2026/07/03 03:30,05F0439S,05F0494S,31,217,2
2026/07/03 03:30,05F0439S,05F0494S,32,205,2
2026/07/03 03:30,05F0439S,05F0494S,41,0,0
2026/07/03 03:30,05F0439S,05F0494S,42,0,0
2026/07/03 03:30,05F0439S,05F0494S,5,216,2
2026/07/03 03:35,05F0000S,05F0055S,31,219,10
2026/07/03 03:35,05F0000S,05F0055S,32,235,8
2026/07/03 03:35,05F0000S,05F0055S,41,0,0
2026/07/03 03:35,05F0000S,05F0055S,42,0,0
2026/07/03 03:35,05F0000S,05F0055S,5,0,0
2026/07/03 03:35,05F0055S,05F0287S,31,1015,2
2026/07/03 03:35,05F0055S,05F0287S,32,905,7
2026/07/03 03:35,05F0055S,05F0287S,41,0,0
2026/07/03 03:35,05F0055S,05F0287S,42,0,0
2026/07/03 03:35,05F0055S,05F0287S,5,0,0
2026/07/03 03:35,05F0287S,05F0309S,31,81,2
2026/07/03 03:35,05F0287S,05F0309S,32,82,6
2026/07/03 03:35,05F0287S,05F0309S,41,0,0
2026/07/03 03:35,05F0287S,05F0309S,42,0,0
2026/07/03 03:35,05F0287S,05F0309S,5,0,0
2026/07/03 03:35,05F0309S,05F0439S,31,465,3
2026/07/03 03:35,05F0309S,05F0439S,32,502,7
2026/07/03 03:35,05F0309S,05F0439S,41,0,0
2026/07/03 03:35,05F0309S,05F0439S,42,525,1
2026/07/03 03:35,05F0309S,05F0439S,5,566,4
2026/07/03 03:35,05F0439S,05F0494S,31,0,0
2026/07/03 03:35,05F0439S,05F0494S,32,193,2
2026/07/03 03:35,05F0439S,05F0494S,41,0,0
2026/07/03 03:35,05F0439S,05F0494S,42,238,2
2026/07/03 03:35,05F0439S,05F0494S,5,217,2
2026/07/03 03:40,05F0000S,05F0055S,31,231,10
2026/07/03 03:40,05F0000S,05F0055S,32,231,6
2026/07/03 03:40,05F0000S,05F0055S,41,0,0
2026/07/03 03:40,05F0000S,05F0055S,42,0,0
2026/07/03 03:40,05F0000S,05F0055S,5,0,0
2026/07/03 03:40,05F0055S,05F0287S,31,950,12
2026/07/03 03:40,05F0055S,05F0287S,32,985,6
2026/07/03 03:40,05F0055S,05F0287S,41,0,0
2026/07/03 03:40,05F0055S,05F0287S,42,0,0
2026/07/03 03:40,05F0055S,05F0287S,5,0,0
2026/07/03 03:40,05F0287S,05F0309S,31,86,5
2026/07/03 03:40,05F0287S,05F0309S,32,84,5
2026/07/03 03:40,05F0287S,05F0309S,41,0,0
2026/07/03 03:40,05F0287S,05F0309S,42,0,0
2026/07/03 03:40,05F0287S,05F0309S,5,0,0
2026/07/03 03:40,05F0309S,05F0439S,31,513,5
2026/07/03 03:40,05F0309S,05F0439S,32,513,3
2026/07/03 03:40,05F0309S,05F0439S,41,0,0
2026/07/03 03:40,05F0309S,05F0439S,42,522,4
2026/07/03 03:40,05F0309S,05F0439S,5,472,3
2026/07/03 03:40,05F0439S,05F0494S,31,219,3
2026/07/03 03:40,05F0439S,05F0494S,32,228,7
2026/07/03 03:40,05F0439S,05F0494S,41,0,0
2026/07/03 03:40,05F0439S,05F0494S,42,214,3
2026/07/03 03:40,05F0439S,05F0494S,5,234,3
2026/07/03 03:45,05F0000S,05F0055S,31,229,14
2026/07/03 03:45,05F0000S,05F0055S,32,239,6
2026/07/03 03:45,05F0000S,05F0055S,41,0,0
2026/07/03 03:45,05F0000S,05F0055S,42,0,0
2026/07/03 03:45,05F0000S,05F0055S,5,0,0
2026/07/03 03:45,05F0055S,05F0287S,31,976,14
2026/07/03 03:45,05F0055S,05F0287S,32,964,13
2026/07/03 03:45,05F0055S,05F0287S,41,0,0
2026/07/03 03:45,05F0055S,05F0287S,42,0,0
2026/07/03 03:45,05F0055S,05F0287S,5,0,0
2026/07/03 03:45,05F0287S,05F0309S,31,88,12
2026/07/03 03:45,05F0287S,05F0309S,32,88,5
2026/07/03 03:45,05F0287S,05F0309S,41,0,0
2026/07/03 03:45,05F0287S,05F0309S,42,0,0
2026/07/03 03:45,05F0287S,05F0309S,5,0,0
2026/07/03 03:45,05F0309S,05F0439S,31,545,1
2026/07/03 03:45,05F0309S,05F0439S,32,469,2
2026/07/03 03:45,05F0309S,05F0439S,41,0,0
2026/07/03 03:45,05F0309S,05F0439S,42,565,2
2026/07/03 03:45,05F0309S,05F0439S,5,516,2
2026/07/03 03:45,05F0439S,05F0494S,31,233,3
2026/07/03 03:45,05F0439S,05F0494S,32,197,2
2026/07/03 03:45,05F0439S,05F0494S,41,0,0
2026/07/03 03:45,05F0439S,05F0494S,42,235,2
2026/07/03 03:45,05F0439S,05F0494S,5,203,5
2026/07/03 03:50,05F0000S,05F0055S,31,232,5
2026/07/03 03:50,05F0000S,05F0055S,32,205,3
2026/07/03 03:50,05F0000S,05F0055S,41,0,0
2026/07/03 03:50,05F0000S,05F0055S,42,0,0
2026/07/03 03:50,05F0000S,05F0055S,5,0,0
2026/07/03 03:50,05F0055S,05F0287S,31,927,10
2026/07/03 03:50,05F0055S,05F0287S,32,992,8
2026/07/03 03:50,05F0055S,05F0287S,41,0,0
2026/07/03 03:50,05F0055S,05F0287S,42,0,0
2026/07/03 03:50,05F0055S,05F0287S,5,0,0
2026/07/03 03:50,05F0287S,05F0309S,31,85,7
2026/07/03 03:50,05F0287S,05F0309S,32,89,9
2026/07/03 03:50,05F0287S,05F0309S,41,0,0
2026/07/03 03:50,05F0287S,05F0309S,42,0,0
2026/07/03 03:50,05F0287S,05F0309S,5,0,0
2026/07/03 03:50,05F0309S,05F0439S,31,501,8
2026/07/03 03:50,05F0309S,05F0439S,32,511,4
2026/07/03 03:50,05F0309S,05F0439S,41,0,0
2026/07/03 03:50,05F0309S,05F0439S,42,524,1
2026/07/03 03:50,05F0309S,05F0439S,5,0,0
2026/07/03 03:50,05F0439S,05F0494S,31,209,3
2026/07/03 03:50,05F0439S,05F0494S,32,200,5
2026/07/03 03:50,05F0439S,05F0494S,41,0,0
2026/07/03 03:50,05F0439S,05F0494S,42,236,2
2026/07/03 03:50,05F0439S,05F0494S,5,225,1
2026/07/03 03:55,05F0000S,05F0055S,31,239,9
2026/07/03 03:55,05F0000S,05F0055S,32,235,8
2026/07/03 03:55,05F0000S,05F0055S,41,0,0
2026/07/03 03:55,05F0000S,05F0055S,42,0,0
2026/07/03 03:55,05F0000S,05F0055S,5,0,0
2026/07/03 03:55,05F0055S,05F0287S,31,923,9
2026/07/03 03:55,05F0055S,05F0287S,32,920,8
2026/07/03 03:55,05F0055S,05F0287S,41,0,0
2026/07/03 03:55,05F0055S,05F0287S,42,0,0
2026/07/03 03:55,05F0055S,05F0287S,5,0,0
2026/07/03 03:55,05F0287S,05F0309S,31,74,6
2026/07/03 03:55,05F0287S,05F0309S,32,89,9
2026/07/03 03:55,05F0287S,05F0309S,41,0,0
2026/07/03 03:55,05F0287S,05F0309S,42,102,1
2026/07/03 03:55,05F0287S,05F0309S,5,96,3
2026/07/03 03:55,05F0309S,05F0439S,31,484,8
2026/07/03 03:55,05F0309S,05F0439S,32,499,5
2026/07/03 03:55,05F0309S,05F0439S,41,0,0
2026/07/03 03:55,05F0309S,05F0439S,42,570,1
2026/07/03 03:55,05F0309S,05F0439S,5,557,1
2026/07/03 03:55,05F0439S,05F0494S,31,209,5
2026/07/03 03:55,05F0439S,05F0494S,32,212,1
2026/07/03 03:55,05F0439S,05F0494S,41,0,0
2026/07/03 03:55,05F0439S,05F0494S,42,218,2
2026/07/03 03:55,05F0439S,05F0494S,5,222,1
2026/07/03 04:00,05F0000S,05F0055S,31,236,9
2026/07/03 04:00,05F0000S,05F0055S,32,238,9
2026/07/03 04:00,05F0000S,05F0055S,41,0,0
2026/07/03 04:00,05F0000S,05F0055S,42,0,0
2026/07/03 04:00,05F0000S,05F0055S,5,0,0
2026/07/03 04:00,05F0055S,05F0287S,31,923,10
2026/07/03 04:00,05F0055S,05F0287S,32,966,6
2026/07/03 04:00,05F0055S,05F0287S,41,0,0
2026/07/03 04:00,05F0055S,05F0287S,42,0,0
2026/07/03 04:00,05F0055S,05F0287S,5,0,0
2026/07/03 04:00,05F0287S,05F0309S,31,81,10
2026/07/03 04:00,05F0287S,05F0309S,32,86,3
2026/07/03 04:00,05F0287S,05F0309S,41,0,0
2026/07/03 04:00,05F0287S,05F0309S,42,0,0
2026/07/03 04:00,05F0287S,05F0309S,5,0,0
2026/07/03 04:00,05F0309S,05F0439S,31,472,6
2026/07/03 04:00,05F0309S,05F0439S,32,499,10
2026/07/03 04:00,05F0309S,05F0439S,41,0,0
2026/07/03 04:00,05F0309S,05F0439S,42,0,0
2026/07/03 04:00,05F0309S,05F0439S,5,490,2
2026/07/03 04:00,05F0439S,05F0494S,31,191,3
2026/07/03 04:00,05F0439S,05F0494S,32,206,7
2026/07/03 04:00,05F0439S,05F0494S,41,0,0
2026/07/03 04:00,05F0439S,05F0494S,42,249,1
2026/07/03 04:00,05F0439S,05F0494S,5,219,2
2026/07/03 04:05,05F0000S,05F0055S,31,228,7
2026/07/03 04:05,05F0000S,05F0055S,32,260,6
2026/07/03 04:05,05F0000S,05F0055S,41,0,0
2026/07/03 04:05,05F0000S,05F0055S,42,0,0
2026/07/03 04:05,05F0000S,05F0055S,5,0,0
2026/07/03 04:05,05F0055S,05F0287S,31,960,7
2026/07/03 04:05,05F0055S,05F0287S,32,928,3
2026/07/03 04:05,05F0055S,05F0287S,41,0,0
2026/07/03 04:05,05F0055S,05F0287S,42,0,0
2026/07/03 04:05,05F0055S,05F0287S,5,0,0
2026/07/03 04:05,05F0287S,05F0309S,31,88,5
2026/07/03 04:05,05F0287S,05F0309S,32,91,2
2026/07/03 04:05,05F0287S,05F0309S,41,0,0
2026/07/03 04:05,05F0287S,05F0309S,42,0,0
2026/07/03 04:05,05F0287S,05F0309S,5,0,0
2026/07/03 04:05,05F0309S,05F0439S,31,469,4
2026/07/03 04:05,05F0309S,05F0439S,32,480,2
2026/07/03 04:05,05F0309S,05F0439S,41,0,0
2026/07/03 04:05,05F0309S,05F0439S,42,0,0
2026/07/03 04:05,05F0309S,05F0439S,5,507,1
2026/07/03 04:05,05F0439S,05F0494S,31,186,1
2026/07/03 04:05,05F0439S,05F0494S,32,201,6
2026/07/03 04:05,05F0439S,05F0494S,41,0,0
2026/07/03 04:05,05F0439S,05F0494S,42,0,0
2026/07/03 04:05,05F0439S,05F0494S,5,206,2
2026/07/03 04:10,05F0000S,05F0055S,31,243,17
2026/07/03 04:10,05F0000S,05F0055S,32,239,6
2026/07/03 04:10,05F0000S,05F0055S,41,0,0
2026/07/03 04:10,05F0000S,05F0055S,42,0,0
2026/07/03 04:10,05F0000S,05F0055S,5,0,0
2026/07/03 04:10,05F0055S,05F0287S,31,979,9
2026/07/03 04:10,05F0055S,05F0287S,32,977,8
2026/07/03 04:10,05F0055S,05F0287S,41,0,0
2026/07/03 04:10,05F0055S,05F0287S,42,0,0
2026/07/03 04:10,05F0055S,05F0287S,5,0,0
2026/07/03 04:10,05F0287S,05F0309S,31,90,6
2026/07/03 04:10,05F0287S,05F0309S,32,90,8
2026/07/03 04:10,05F0287S,05F0309S,41,0,0
2026/07/03 04:10,05F0287S,05F0309S,42,0,0
2026/07/03 04:10,05F0287S,05F0309S,5,0,0
2026/07/03 04:10,05F0309S,05F0439S,31,452,7
2026/07/03 04:10,05F0309S,05F0439S,32,464,1
2026/07/03 04:10,05F0309S,05F0439S,41,0,0
2026/07/03 04:10,05F0309S,05F0439S,42,520,3
2026/07/03 04:10,05F0309S,05F0439S,5,516,4
2026/07/03 04:10,05F0439S,05F0494S,31,182,2
2026/07/03 04:10,05F0439S,05F0494S,32,190,1
2026/07/03 04:10,05F0439S,05F0494S,41,0,0
2026/07/03 04:10,05F0439S,05F0494S,42,222,2
2026/07/03 04:10,05F0439S,05F0494S,5,204,2
2026/07/03 04:15,05F0000S,05F0055S,31,228,17
2026/07/03 04:15,05F0000S,05F0055S,32,223,12
2026/07/03 04:15,05F0000S,05F0055S,41,0,0
2026/07/03 04:15,05F0000S,05F0055S,42,0,0
2026/07/03 04:15,05F0000S,05F0055S,5,0,0
2026/07/03 04:15,05F0055S,05F0287S,31,935,8
2026/07/03 04:15,05F0055S,05F0287S,32,946,13
2026/07/03 04:15,05F0055S,05F0287S,41,0,0
2026/07/03 04:15,05F0055S,05F0287S,42,0,0
2026/07/03 04:15,05F0055S,05F0287S,5,0,0
2026/07/03 04:15,05F0287S,05F0309S,31,82,4
2026/07/03 04:15,05F0287S,05F0309S,32,80,8
2026/07/03 04:15,05F0287S,05F0309S,41,0,0
2026/07/03 04:15,05F0287S,05F0309S,42,0,0
2026/07/03 04:15,05F0287S,05F0309S,5,0,0
2026/07/03 04:15,05F0309S,05F0439S,31,464,2
2026/07/03 04:15,05F0309S,05F0439S,32,492,2
2026/07/03 04:15,05F0309S,05F0439S,41,0,0
2026/07/03 04:15,05F0309S,05F0439S,42,0,0
2026/07/03 04:15,05F0309S,05F0439S,5,517,2
2026/07/03 04:15,05F0439S,05F0494S,31,178,2
2026/07/03 04:15,05F0439S,05F0494S,32,214,2
2026/07/03 04:15,05F0439S,05F0494S,41,0,0
2026/07/03 04:15,05F0439S,05F0494S,42,238,1
2026/07/03 04:15,05F0439S,05F0494S,5,229,4
2026/07/03 04:20,05F0000S,05F0055S,31,234,13
2026/07/03 04:20,05F0000S,05F0055S,32,236,13
2026/07/03 04:20,05F0000S,05F0055S,41,0,0
2026/07/03 04:20,05F0000S,05F0055S,42,0,0
2026/07/03 04:20,05F0000S,05F0055S,5,0,0
2026/07/03 04:20,05F0055S,05F0287S,31,935,8
2026/07/03 04:20,05F0055S,05F0287S,32,984,3
2026/07/03 04:20,05F0055S,05F0287S,41,0,0
2026/07/03 04:20,05F0055S,05F0287S,42,0,0
2026/07/03 04:20,05F0055S,05F0287S,5,0,0
2026/07/03 04:20,05F0287S,05F0309S,31,82,4
2026/07/03 04:20,05F0287S,05F0309S,32,89,6
2026/07/03 04:20,05F0287S,05F0309S,41,0,0
2026/07/03 04:20,05F0287S,05F0309S,42,0,0
2026/07/03 04:20,05F0287S,05F0309S,5,0,0
2026/07/03 04:20,05F0309S,05F0439S,31,507,5
2026/07/03 04:20,05F0309S,05F0439S,32,524,7
2026/07/03 04:20,05F0309S,05F0439S,41,0,0
2026/07/03 04:20,05F0309S,05F0439S,42,502,2
2026/07/03 04:20,05F0309S,05F0439S,5,0,0
2026/07/03 04:20,05F0439S,05F0494S,31,0,0
2026/07/03 04:20,05F0439S,05F0494S,32,220,7
2026/07/03 04:20,05F0439S,05F0494S,41,0,0
2026/07/03 04:20,05F0439S,05F0494S,42,231,1
2026/07/03 04:20,05F0439S,05F0494S,5,208,1
2026/07/03 04:25,05F0000S,05F0055S,31,227,15
2026/07/03 04:25,05F0000S,05F0055S,32,223,6
2026/07/03 04:25,05F0000S,05F0055S,41,0,0
2026/07/03 04:25,05F0000S,05F0055S,42,0,0
2026/07/03 04:25,05F0000S,05F0055S,5,0,0
2026/07/03 04:25,05F0055S,05F0287S,31,942,16
2026/07/03 04:25,05F0055S,05F0287S,32,1019,9
2026/07/03 04:25,05F0055S,05F0287S,41,0,0
2026/07/03 04:25,05F0055S,05F0287S,42,0,0
2026/07/03 04:25,05F0055S,05F0287S,5,3160,1
2026/07/03 04:25,05F0287S,05F0309S,31,84,5
2026/07/03 04:25,05F0287S,05F0309S,32,97,4
2026/07/03 04:25,05F0287S,05F0309S,41,0,0
2026/07/03 04:25,05F0287S,05F0309S,42,0,0
2026/07/03 04:25,05F0287S,05F0309S,5,0,0
2026/07/03 04:25,05F0309S,05F0439S,31,503,4
2026/07/03 04:25,05F0309S,05F0439S,32,495,5
2026/07/03 04:25,05F0309S,05F0439S,41,0,0
2026/07/03 04:25,05F0309S,05F0439S,42,511,1
2026/07/03 04:25,05F0309S,05F0439S,5,505,1
2026/07/03 04:25,05F0439S,05F0494S,31,203,5
2026/07/03 04:25,05F0439S,05F0494S,32,205,6
2026/07/03 04:25,05F0439S,05F0494S,41,0,0
2026/07/03 04:25,05F0439S,05F0494S,42,205,1
2026/07/03 04:25,05F0439S,05F0494S,5,0,0
2026/07/03 04:30,05F0000S,05F0055S,31,232,19
2026/07/03 04:30,05F0000S,05F0055S,32,220,12
2026/07/03 04:30,05F0000S,05F0055S,41,0,0
2026/07/03 04:30,05F0000S,05F0055S,42,0,0
2026/07/03 04:30,05F0000S,05F0055S,5,0,0
2026/07/03 04:30,05F0055S,05F0287S,31,932,19
2026/07/03 04:30,05F0055S,05F0287S,32,943,10
2026/07/03 04:30,05F0055S,05F0287S,41,0,0
2026/07/03 04:30,05F0055S,05F0287S,42,0,0
2026/07/03 04:30,05F0055S,05F0287S,5,0,0
2026/07/03 04:30,05F0287S,05F0309S,31,86,12
2026/07/03 04:30,05F0287S,05F0309S,32,88,8
2026/07/03 04:30,05F0287S,05F0309S,41,0,0
2026/07/03 04:30,05F0287S,05F0309S,42,100,1
2026/07/03 04:30,05F0287S,05F0309S,5,100,1
2026/07/03 04:30,05F0309S,05F0439S,31,490,2
2026/07/03 04:30,05F0309S,05F0439S,32,503,2
2026/07/03 04:30,05F0309S,05F0439S,41,0,0
2026/07/03 04:30,05F0309S,05F0439S,42,0,0
2026/07/03 04:30,05F0309S,05F0439S,5,0,0
2026/07/03 04:30,05F0439S,05F0494S,31,170,3
2026/07/03 04:30,05F0439S,05F0494S,32,214,3
2026/07/03 04:30,05F0439S,05F0494S,41,0,0
2026/07/03 04:30,05F0439S,05F0494S,42,215,1
2026/07/03 04:30,05F0439S,05F0494S,5,211,2
2026/07/03 04:35,05F0000S,05F0055S,31,239,15
2026/07/03 04:35,05F0000S,05F0055S,32,247,10
2026/07/03 04:35,05F0000S,05F0055S,41,0,0
2026/07/03 04:35,05F0000S,05F0055S,42,0,0
2026/07/03 04:35,05F0000S,05F0055S,5,0,0
2026/07/03 04:35,05F0055S,05F0287S,31,938,12
2026/07/03 04:35,05F0055S,05F0287S,32,939,11
2026/07/03 04:35,05F0055S,05F0287S,41,0,0
2026/07/03 04:35,05F0055S,05F0287S,42,0,0
2026/07/03 04:35,05F0055S,05F0287S,5,0,0
2026/07/03 04:35,05F0287S,05F0309S,31,82,7
2026/07/03 04:35,05F0287S,05F0309S,32,88,11
2026/07/03 04:35,05F0287S,05F0309S,41,0,0
2026/07/03 04:35,05F0287S,05F0309S,42,0,0
2026/07/03 04:35,05F0287S,05F0309S,5,0,0
2026/07/03 04:35,05F0309S,05F0439S,31,505,6
2026/07/03 04:35,05F0309S,05F0439S,32,477,5
2026/07/03 04:35,05F0309S,05F0439S,41,0,0
2026/07/03 04:35,05F0309S,05F0439S,42,531,2
2026/07/03 04:35,05F0309S,05F0439S,5,486,3
2026/07/03 04:35,05F0439S,05F0494S,31,0,0
2026/07/03 04:35,05F0439S,05F0494S,32,203,2
2026/07/03 04:35,05F0439S,05F0494S,41,0,0
2026/07/03 04:35,05F0439S,05F0494S,42,0,0
2026/07/03 04:35,05F0439S,05F0494S,5,0,0
2026/07/03 04:40,05F0000S,05F0055S,31,233,18
2026/07/03 04:40,05F0000S,05F0055S,32,242,10
2026/07/03 04:40,05F0000S,05F0055S,41,0,0
2026/07/03 04:40,05F0000S,05F0055S,42,0,0
2026/07/03 04:40,05F0000S,05F0055S,5,0,0
2026/07/03 04:40,05F0055S,05F0287S,31,923,16
2026/07/03 04:40,05F0055S,05F0287S,32,944,13
2026/07/03 04:40,05F0055S,05F0287S,41,0,0
2026/07/03 04:40,05F0055S,05F0287S,42,0,0
2026/07/03 04:40,05F0055S,05F0287S,5,0,0
2026/07/03 04:40,05F0287S,05F0309S,31,85,4
2026/07/03 04:40,05F0287S,05F0309S,32,86,11
2026/07/03 04:40,05F0287S,05F0309S,41,0,0
2026/07/03 04:40,05F0287S,05F0309S,42,0,0
2026/07/03 04:40,05F0287S,05F0309S,5,0,0
2026/07/03 04:40,05F0309S,05F0439S,31,470,6
2026/07/03 04:40,05F0309S,05F0439S,32,506,4
2026/07/03 04:40,05F0309S,05F0439S,41,506,1
2026/07/03 04:40,05F0309S,05F0439S,42,529,1
2026/07/03 04:40,05F0309S,05F0439S,5,571,2
2026/07/03 04:40,05F0439S,05F0494S,31,216,7
2026/07/03 04:40,05F0439S,05F0494S,32,199,2
2026/07/03 04:40,05F0439S,05F0494S,41,0,0
2026/07/03 04:40,05F0439S,05F0494S,42,223,4
2026/07/03 04:40,05F0439S,05F0494S,5,211,2
2026/07/03 04:45,05F0000S,05F0055S,31,239,14
2026/07/03 04:45,05F0000S,05F0055S,32,240,12
2026/07/03 04:45,05F0000S,05F0055S,41,249,1
2026/07/03 04:45,05F0000S,05F0055S,42,0,0
2026/07/03 04:45,05F0000S,05F0055S,5,0,0
2026/07/03 04:45,05F0055S,05F0287S,31,919,22
2026/07/03 04:45,05F0055S,05F0287S,32,925,13
2026/07/03 04:45,05F0055S,05F0287S,41,0,0
2026/07/03 04:45,05F0055S,05F0287S,42,0,0
2026/07/03 04:45,05F0055S,05F0287S,5,0,0
2026/07/03 04:45,05F0287S,05F0309S,31,83,15
2026/07/03 04:45,05F0287S,05F0309S,32,82,11
2026/07/03 04:45,05F0287S,05F0309S,41,0,0
2026/07/03 04:45,05F0287S,05F0309S,42,0,0
2026/07/03 04:45,05F0287S,05F0309S,5,0,0
2026/07/03 04:45,05F0309S,05F0439S,31,459,6
2026/07/03 04:45,05F0309S,05F0439S,32,497,5
2026/07/03 04:45,05F0309S,05F0439S,41,0,0
2026/07/03 04:45,05F0309S,05F0439S,42,0,0
2026/07/03 04:45,05F0309S,05F0439S,5,508,2
2026/07/03 04:45,05F0439S,05F0494S,31,188,1
2026/07/03 04:45,05F0439S,05F0494S,32,207,4
2026/07/03 04:45,05F0439S,05F0494S,41,0,0
2026/07/03 04:45,05F0439S,05F0494S,42,217,1
2026/07/03 04:45,05F0439S,05F0494S,5,193,1
2026/07/03 04:50,05F0000S,05F0055S,31,232,19
2026/07/03 04:50,05F0000S,05F0055S,32,238,9
2026/07/03 04:50,05F0000S,05F0055S,41,0,0
2026/07/03 04:50,05F0000S,05F0055S,42,0,0
2026/07/03 04:50,05F0000S,05F0055S,5,0,0
2026/07/03 04:50,05F0055S,05F0287S,31,958,9
2026/07/03 04:50,05F0055S,05F0287S,32,974,6
2026/07/03 04:50,05F0055S,05F0287S,41,0,0
2026/07/03 04:50,05F0055S,05F0287S,42,0,0
2026/07/03 04:50,05F0055S,05F0287S,5,0,0
2026/07/03 04:50,05F0287S,05F0309S,31,88,5
2026/07/03 04:50,05F0287S,05F0309S,32,91,4
2026/07/03 04:50,05F0287S,05F0309S,41,0,0
2026/07/03 04:50,05F0287S,05F0309S,42,0,0
2026/07/03 04:50,05F0287S,05F0309S,5,105,1
2026/07/03 04:50,05F0309S,05F0439S,31,489,1
2026/07/03 04:50,05F0309S,05F0439S,32,504,6
2026/07/03 04:50,05F0309S,05F0439S,41,0,0
2026/07/03 04:50,05F0309S,05F0439S,42,0,0
2026/07/03 04:50,05F0309S,05F0439S,5,522,4
2026/07/03 04:50,05F0439S,05F0494S,31,187,3
2026/07/03 04:50,05F0439S,05F0494S,32,207,3
2026/07/03 04:50,05F0439S,05F0494S,41,0,0
2026/07/03 04:50,05F0439S,05F0494S,42,0,0
2026/07/03 04:50,05F0439S,05F0494S,5,221,4
2026/07/03 04:55,05F0000S,05F0055S,31,230,14
2026/07/03 04:55,05F0000S,05F0055S,32,230,11
2026/07/03 04:55,05F0000S,05F0055S,41,0,0
2026/07/03 04:55,05F0000S,05F0055S,42,0,0
2026/07/03 04:55,05F0000S,05F0055S,5,0,0
2026/07/03 04:55,05F0055S,05F0287S,31,933,20
2026/07/03 04:55,05F0055S,05F0287S,32,1016,13
2026/07/03 04:55,05F0055S,05F0287S,41,0,0
2026/07/03 04:55,05F0055S,05F0287S,42,0,0
2026/07/03 04:55,05F0055S,05F0287S,5,0,0
2026/07/03 04:55,05F0287S,05F0309S,31,86,13
2026/07/03 04:55,05F0287S,05F0309S,32,89,9
2026/07/03 04:55,05F0287S,05F0309S,41,0,0
2026/07/03 04:55,05F0287S,05F0309S,42,0,0
2026/07/03 04:55,05F0287S,05F0309S,5,0,0
2026/07/03 04:55,05F0309S,05F0439S,31,471,12
2026/07/03 04:55,05F0309S,05F0439S,32,478,7
2026/07/03 04:55,05F0309S,05F0439S,41,0,0
2026/07/03 04:55,05F0309S,05F0439S,42,0,0
2026/07/03 04:55,05F0309S,05F0439S,5,524,3
2026/07/03 04:55,05F0439S,05F0494S,31,184,5
2026/07/03 04:55,05F0439S,05F0494S,32,184,3
2026/07/03 04:55,05F0439S,05F0494S,41,0,0
2026/07/03 04:55,05F0439S,05F0494S,42,235,1
2026/07/03 04:55,05F0439S,05F0494S,5,210,3
2026/07/03 05:00,05F0000S,05F0055S,31,235,24
2026/07/03 05:00,05F0000S,05F0055S,32,243,11
2026/07/03 05:00,05F0000S,05F0055S,41,0,0
2026/07/03 05:00,05F0000S,05F0055S,42,0,0
2026/07/03 05:00,05F0000S,05F0055S,5,0,0
2026/07/03 05:00,05F0055S,05F0287S,31,949,18
2026/07/03 05:00,05F0055S,05F0287S,32,942,11
2026/07/03 05:00,05F0055S,05F0287S,41,1045,1
2026/07/03 05:00,05F0055S,05F0287S,42,0,0
2026/07/03 05:00,05F0055S,05F0287S,5,0,0
2026/07/03 05:00,05F0287S,05F0309S,31,87,11
2026/07/03 05:00,05F0287S,05F0309S,32,92,11
2026/07/03 05:00,05F0287S,05F0309S,41,89,1
2026/07/03 05:00,05F0287S,05F0309S,42,0,0
2026/07/03 05:00,05F0287S,05F0309S,5,0,0
2026/07/03 05:00,05F0309S,05F0439S,31,507,4
2026/07/03 05:00,05F0309S,05F0439S,32,551,2
2026/07/03 05:00,05F0309S,05F0439S,41,0,0
2026/07/03 05:00,05F0309S,05F0439S,42,0,0
2026/07/03 05:00,05F0309S,05F0439S,5,504,2
2026/07/03 05:00,05F0439S,05F0494S,31,199,6
2026/07/03 05:00,05F0439S,05F0494S,32,208,4
2026/07/03 05:00,05F0439S,05F0494S,41,0,0
2026/07/03 05:00,05F0439S,05F0494S,42,0,0
2026/07/03 05:00,05F0439S,05F0494S,5,224,3
2026/07/03 05:05,05F0000S,05F0055S,31,242,26
2026/07/03 05:05,05F0000S,05F0055S,32,242,15
2026/07/03 05:05,05F0000S,05F0055S,41,0,0
2026/07/03 05:05,05F0000S,05F0055S,42,0,0
2026/07/03 05:05,05F0000S,05F0055S,5,0,0
2026/07/03 05:05,05F0055S,05F0287S,31,935,20
2026/07/03 05:05,05F0055S,05F0287S,32,959,11
2026/07/03 05:05,05F0055S,05F0287S,41,0,0
2026/07/03 05:05,05F0055S,05F0287S,42,0,0
2026/07/03 05:05,05F0055S,05F0287S,5,0,0
2026/07/03 05:05,05F0287S,05F0309S,31,86,13
2026/07/03 05:05,05F0287S,05F0309S,32,87,6
2026/07/03 05:05,05F0287S,05F0309S,41,0,0
2026/07/03 05:05,05F0287S,05F0309S,42,0,0
2026/07/03 05:05,05F0287S,05F0309S,5,0,0
2026/07/03 05:05,05F0309S,05F0439S,31,483,9
2026/07/03 05:05,05F0309S,05F0439S,32,513,9
2026/07/03 05:05,05F0309S,05F0439S,41,0,0
2026/07/03 05:05,05F0309S,05F0439S,42,438,1
2026/07/03 05:05,05F0309S,05F0439S,5,538,3
2026/07/03 05:05,05F0439S,05F0494S,31,215,3
2026/07/03 05:05,05F0439S,05F0494S,32,212,2
2026/07/03 05:05,05F0439S,05F0494S,41,0,0
2026/07/03 05:05,05F0439S,05F0494S,42,0,0
2026/07/03 05:05,05F0439S,05F0494S,5,228,3
2026/07/03 05:10,05F0000S,05F0055S,31,225,24
2026/07/03 05:10,05F0000S,05F0055S,32,237,15
2026/07/03 05:10,05F0000S,05F0055S,41,0,0
2026/07/03 05:10,05F0000S,05F0055S,42,0,0
2026/07/03 05:10,05F0000S,05F0055S,5,0,0
2026/07/03 05:10,05F0055S,05F0287S,31,936,10
2026/07/03 05:10,05F0055S,05F0287S,32,931,11
2026/07/03 05:10,05F0055S,05F0287S,41,0,0
2026/07/03 05:10,05F0055S,05F0287S,42,1009,1
2026/07/03 05:10,05F0055S,05F0287S,5,0,0
2026/07/03 05:10,05F0287S,05F0309S,31,78,7
2026/07/03 05:10,05F0287S,05F0309S,32,90,13
2026/07/03 05:10,05F0287S,05F0309S,41,0,0
2026/07/03 05:10,05F0287S,05F0309S,42,0,0
2026/07/03 05:10,05F0287S,05F0309S,5,0,0
2026/07/03 05:10,05F0309S,05F0439S,31,494,5
2026/07/03 05:10,05F0309S,05F0439S,32,498,7
2026/07/03 05:10,05F0309S,05F0439S,41,0,0
2026/07/03 05:10,05F0309S,05F0439S,42,0,0
2026/07/03 05:10,05F0309S,05F0439S,5,507,2
2026/07/03 05:10,05F0439S,05F0494S,31,209,8
2026/07/03 05:10,05F0439S,05F0494S,32,229,7
2026/07/03 05:10,05F0439S,05F0494S,41,0,0
2026/07/03 05:10,05F0439S,05F0494S,42,171,1
2026/07/03 05:10,05F0439S,05F0494S,5,213,3
2026/07/03 05:15,05F0000S,05F0055S,31,234,26
2026/07/03 05:15,05F0000S,05F0055S,32,233,16
2026/07/03 05:15,05F0000S,05F0055S,41,0,0
2026/07/03 05:15,05F0000S,05F0055S,42,0,0
2026/07/03 05:15,05F0000S,05F0055S,5,0,0
2026/07/03 05:15,05F0055S,05F0287S,31,935,19
2026/07/03 05:15,05F0055S,05F0287S,32,962,14
2026/07/03 05:15,05F0055S,05F0287S,41,0,0
2026/07/03 05:15,05F0055S,05F0287S,42,0,0
2026/07/03 05:15,05F0055S,05F0287S,5,0,0
2026/07/03 05:15,05F0287S,05F0309S,31,87,14
2026/07/03 05:15,05F0287S,05F0309S,32,87,10
2026/07/03 05:15,05F0287S,05F0309S,41,0,0
2026/07/03 05:15,05F0287S,05F0309S,42,73,3
2026/07/03 05:15,05F0287S,05F0309S,5,0,0
2026/07/03 05:15,05F0309S,05F0439S,31,484,12
2026/07/03 05:15,05F0309S,05F0439S,32,454,7
2026/07/03 05:15,05F0309S,05F0439S,41,0,0
2026/07/03 05:15,05F0309S,05F0439S,42,505,1
2026/07/03 05:15,05F0309S,05F0439S,5,506,4
2026/07/03 05:15,05F0439S,05F0494S,31,205,9
2026/07/03 05:15,05F0439S,05F0494S,32,197,5
2026/07/03 05:15,05F0439S,05F0494S,41,0,0
2026/07/03 05:15,05F0439S,05F0494S,42,0,0
2026/07/03 05:15,05F0439S,05F0494S,5,220,3
2026/07/03 05:20,05F0000S,05F0055S,31,229,32
2026/07/03 05:20,05F0000S,05F0055S,32,237,12
2026/07/03 05:20,05F0000S,05F0055S,41,0,0
2026/07/03 05:20,05F0000S,05F0055S,42,0,0
2026/07/03 05:20,05F0000S,05F0055S,5,0,0
2026/07/03 05:20,05F0055S,05F0287S,31,962,32
2026/07/03 05:20,05F0055S,05F0287S,32,950,11
2026/07/03 05:20,05F0055S,05F0287S,41,0,0
2026/07/03 05:20,05F0055S,05F0287S,42,0,0
2026/07/03 05:20,05F0055S,05F0287S,5,0,0
2026/07/03 05:20,05F0287S,05F0309S,31,87,11
2026/07/03 05:20,05F0287S,05F0309S,32,82,8
2026/07/03 05:20,05F0287S,05F0309S,41,0,0
2026/07/03 05:20,05F0287S,05F0309S,42,0,0
2026/07/03 05:20,05F0287S,05F0309S,5,0,0
2026/07/03 05:20,05F0309S,05F0439S,31,459,8
2026/07/03 05:20,05F0309S,05F0439S,32,492,9
2026/07/03 05:20,05F0309S,05F0439S,41,0,0
2026/07/03 05:20,05F0309S,05F0439S,42,464,5
2026/07/03 05:20,05F0309S,05F0439S,5,523,5
2026/07/03 05:20,05F0439S,05F0494S,31,201,8
2026/07/03 05:20,05F0439S,05F0494S,32,204,6
2026/07/03 05:20,05F0439S,05F0494S,41,0,0
2026/07/03 05:20,05F0439S,05F0494S,42,0,0
2026/07/03 05:20,05F0439S,05F0494S,5,214,5
2026/07/03 05:25,05F0000S,05F0055S,31,232,22
2026/07/03 05:25,05F0000S,05F0055S,32,235,28
2026/07/03 05:25,05F0000S,05F0055S,41,0,0
2026/07/03 05:25,05F0000S,05F0055S,42,0,0
2026/07/03 05:25,05F0000S,05F0055S,5,0,0
2026/07/03 05:25,05F0055S,05F0287S,31,914,26
2026/07/03 05:25,05F0055S,05F0287S,32,940,17
2026/07/03 05:25,05F0055S,05F0287S,41,0,0
2026/07/03 05:25,05F0055S,05F0287S,42,0,0
2026/07/03 05:25,05F0055S,05F0287S,5,0,0
2026/07/03 05:25,05F0287S,05F0309S,31,83,21
2026/07/03 05:25,05F0287S,05F0309S,32,84,13
2026/07/03 05:25,05F0287S,05F0309S,41,0,0
2026/07/03 05:25,05F0287S,05F0309S,42,0,0
2026/07/03 05:25,05F0287S,05F0309S,5,0,0
2026/07/03 05:25,05F0309S,05F0439S,31,424,3
2026/07/03 05:25,05F0309S,05F0439S,32,491,8
2026/07/03 05:25,05F0309S,05F0439S,41,0,0
2026/07/03 05:25,05F0309S,05F0439S,42,0,0
2026/07/03 05:25,05F0309S,05F0439S,5,496,3
2026/07/03 05:25,05F0439S,05F0494S,31,179,4
2026/07/03 05:25,05F0439S,05F0494S,32,215,4
2026/07/03 05:25,05F0439S,05F0494S,41,0,0
2026/07/03 05:25,05F0439S,05F0494S,42,213,3
2026/07/03 05:25,05F0439S,05F0494S,5,224,2
2026/07/03 05:30,05F0000S,05F0055S,31,237,23
2026/07/03 05:30,05F0000S,05F0055S,32,235,12
2026/07/03 05:30,05F0000S,05F0055S,41,0,0
2026/07/03 05:30,05F0000S,05F0055S,42,0,0
2026/07/03 05:30,05F0000S,05F0055S,5,0,0
2026/07/03 05:30,05F0055S,05F0287S,31,941,33
2026/07/03 05:30,05F0055S,05F0287S,32,930,18
2026/07/03 05:30,05F0055S,05F0287S,41,0,0
2026/07/03 05:30,05F0055S,05F0287S,42,0,0
2026/07/03 05:30,05F0055S,05F0287S,5,0,0
2026/07/03 05:30,05F0287S,05F0309S,31,84,19
2026/07/03 05:30,05F0287S,05F0309S,32,83,13
2026/07/03 05:30,05F0287S,05F0309S,41,0,0
2026/07/03 05:30,05F0287S,05F0309S,42,0,0
2026/07/03 05:30,05F0287S,05F0309S,5,0,0
2026/07/03 05:30,05F0309S,05F0439S,31,474,15
2026/07/03 05:30,05F0309S,05F0439S,32,459,6
2026/07/03 05:30,05F0309S,05F0439S,41,0,0
2026/07/03 05:30,05F0309S,05F0439S,42,527,3
2026/07/03 05:30,05F0309S,05F0439S,5,512,3
2026/07/03 05:30,05F0439S,05F0494S,31,199,5
2026/07/03 05:30,05F0439S,05F0494S,32,205,7
2026/07/03 05:30,05F0439S,05F0494S,41,0,0
2026/07/03 05:30,05F0439S,05F0494S,42,0,0
2026/07/03 05:30,05F0439S,05F0494S,5,210,2
2026/07/03 05:35,05F0000S,05F0055S,31,232,31
2026/07/03 05:35,05F0000S,05F0055S,32,235,15
2026/07/03 05:35,05F0000S,05F0055S,41,0,0
2026/07/03 05:35,05F0000S,05F0055S,42,0,0
2026/07/03 05:35,05F0000S,05F0055S,5,0,0
2026/07/03 05:35,05F0055S,05F0287S,31,928,26
2026/07/03 05:35,05F0055S,05F0287S,32,939,16
2026/07/03 05:35,05F0055S,05F0287S,41,0,0
2026/07/03 05:35,05F0055S,05F0287S,42,0,0
2026/07/03 05:35,05F0055S,05F0287S,5,0,0
2026/07/03 05:35,05F0287S,05F0309S,31,85,23
2026/07/03 05:35,05F0287S,05F0309S,32,87,18
2026/07/03 05:35,05F0287S,05F0309S,41,0,0
2026/07/03 05:35,05F0287S,05F0309S,42,0,0
2026/07/03 05:35,05F0287S,05F0309S,5,0,0
2026/07/03 05:35,05F0309S,05F0439S,31,460,7
2026/07/03 05:35,05F0309S,05F0439S,32,457,11
2026/07/03 05:35,05F0309S,05F0439S,41,0,0
2026/07/03 05:35,05F0309S,05F0439S,42,582,2
2026/07/03 05:35,05F0309S,05F0439S,5,503,2
2026/07/03 05:35,05F0439S,05F0494S,31,199,14
2026/07/03 05:35,05F0439S,05F0494S,32,200,8
2026/07/03 05:35,05F0439S,05F0494S,41,0,0
2026/07/03 05:35,05F0439S,05F0494S,42,224,3
2026/07/03 05:35,05F0439S,05F0494S,5,216,2
2026/07/03 05:40,05F0000S,05F0055S,31,237,40
2026/07/03 05:40,05F0000S,05F0055S,32,239,23
2026/07/03 05:40,05F0000S,05F0055S,41,0,0
2026/07/03 05:40,05F0000S,05F0055S,42,0,0
2026/07/03 05:40,05F0000S,05F0055S,5,0,0
2026/07/03 05:40,05F0055S,05F0287S,31,917,22
2026/07/03 05:40,05F0055S,05F0287S,32,927,22
2026/07/03 05:40,05F0055S,05F0287S,41,0,0
2026/07/03 05:40,05F0055S,05F0287S,42,0,0
2026/07/03 05:40,05F0055S,05F0287S,5,0,0
2026/07/03 05:40,05F0287S,05F0309S,31,83,18
2026/07/03 05:40,05F0287S,05F0309S,32,82,18
2026/07/03 05:40,05F0287S,05F0309S,41,0,0
2026/07/03 05:40,05F0287S,05F0309S,42,0,0
2026/07/03 05:40,05F0287S,05F0309S,5,0,0
2026/07/03 05:40,05F0309S,05F0439S,31,468,20
2026/07/03 05:40,05F0309S,05F0439S,32,460,11
2026/07/03 05:40,05F0309S,05F0439S,41,0,0
2026/07/03 05:40,05F0309S,05F0439S,42,0,0
2026/07/03 05:40,05F0309S,05F0439S,5,486,3
2026/07/03 05:40,05F0439S,05F0494S,31,196,8
2026/07/03 05:40,05F0439S,05F0494S,32,198,8
2026/07/03 05:40,05F0439S,05F0494S,41,0,0
2026/07/03 05:40,05F0439S,05F0494S,42,0,0
2026/07/03 05:40,05F0439S,05F0494S,5,210,4
2026/07/03 05:45,05F0000S,05F0055S,31,234,31
2026/07/03 05:45,05F0000S,05F0055S,32,231,17
2026/07/03 05:45,05F0000S,05F0055S,41,246,2
2026/07/03 05:45,05F0000S,05F0055S,42,0,0
2026/07/03 05:45,05F0000S,05F0055S,5,0,0
2026/07/03 05:45,05F0055S,05F0287S,31,959,18
2026/07/03 05:45,05F0055S,05F0287S,32,965,16
2026/07/03 05:45,05F0055S,05F0287S,41,0,0
2026/07/03 05:45,05F0055S,05F0287S,42,0,0
2026/07/03 05:45,05F0055S,05F0287S,5,0,0
2026/07/03 05:45,05F0287S,05F0309S,31,83,11
2026/07/03 05:45,05F0287S,05F0309S,32,87,15
2026/07/03 05:45,05F0287S,05F0309S,41,0,0
2026/07/03 05:45,05F0287S,05F0309S,42,0,0
2026/07/03 05:45,05F0287S,05F0309S,5,0,0
2026/07/03 05:45,05F0309S,05F0439S,31,459,11
2026/07/03 05:45,05F0309S,05F0439S,32,450,9
2026/07/03 05:45,05F0309S,05F0439S,41,0,0
2026/07/03 05:45,05F0309S,05F0439S,42,499,3
2026/07/03 05:45,05F0309S,05F0439S,5,491,7
2026/07/03 05:45,05F0439S,05F0494S,31,197,14
2026/07/03 05:45,05F0439S,05F0494S,32,199,7
2026/07/03 05:45,05F0439S,05F0494S,41,0,0
2026/07/03 05:45,05F0439S,05F0494S,42,207,1
2026/07/03 05:45,05F0439S,05F0494S,5,0,0
2026/07/03 05:50,05F0000S,05F0055S,31,233,35
2026/07/03 05:50,05F0000S,05F0055S,32,235,20
2026/07/03 05:50,05F0000S,05F0055S,41,0,0
2026/07/03 05:50,05F0000S,05F0055S,42,0,0
2026/07/03 05:50,05F0000S,05F0055S,5,0,0
2026/07/03 05:50,05F0055S,05F0287S,31,937,35
2026/07/03 05:50,05F0055S,05F0287S,32,939,19
2026/07/03 05:50,05F0055S,05F0287S,41,0,0
2026/07/03 05:50,05F0055S,05F0287S,42,0,0
2026/07/03 05:50,05F0055S,05F0287S,5,0,0
2026/07/03 05:50,05F0287S,05F0309S,31,87,22
2026/07/03 05:50,05F0287S,05F0309S,32,85,10
2026/07/03 05:50,05F0287S,05F0309S,41,0,0
2026/07/03 05:50,05F0287S,05F0309S,42,0,0
2026/07/03 05:50,05F0287S,05F0309S,5,0,0
2026/07/03 05:50,05F0309S,05F0439S,31,441,12
2026/07/03 05:50,05F0309S,05F0439S,32,475,10
2026/07/03 05:50,05F0309S,05F0439S,41,0,0
2026/07/03 05:50,05F0309S,05F0439S,42,536,3
2026/07/03 05:50,05F0309S,05F0439S,5,509,4
2026/07/03 05:50,05F0439S,05F0494S,31,200,12
2026/07/03 05:50,05F0439S,05F0494S,32,178,7
2026/07/03 05:50,05F0439S,05F0494S,41,0,0
2026/07/03 05:50,05F0439S,05F0494S,42,212,1
2026/07/03 05:50,05F0439S,05F0494S,5,210,3
2026/07/03 05:55,05F0000S,05F0055S,31,241,36
2026/07/03 05:55,05F0000S,05F0055S,32,249,21
2026/07/03 05:55,05F0000S,05F0055S,41,252,2
2026/07/03 05:55,05F0000S,05F0055S,42,0,0
2026/07/03 05:55,05F0000S,05F0055S,5,0,0
2026/07/03 05:55,05F0055S,05F0287S,31,943,30
2026/07/03 05:55,05F0055S,05F0287S,32,950,18
2026/07/03 05:55,05F0055S,05F0287S,41,0,0
2026/07/03 05:55,05F0055S,05F0287S,42,0,0
2026/07/03 05:55,05F0055S,05F0287S,5,0,0
2026/07/03 05:55,05F0287S,05F0309S,31,85,17
2026/07/03 05:55,05F0287S,05F0309S,32,86,14
2026/07/03 05:55,05F0287S,05F0309S,41,0,0
2026/07/03 05:55,05F0287S,05F0309S,42,0,0
2026/07/03 05:55,05F0287S,05F0309S,5,0,0
2026/07/03 05:55,05F0309S,05F0439S,31,426,9
2026/07/03 05:55,05F0309S,05F0439S,32,479,11
2026/07/03 05:55,05F0309S,05F0439S,41,0,0
2026/07/03 05:55,05F0309S,05F0439S,42,524,2
2026/07/03 05:55,05F0309S,05F0439S,5,541,1
2026/07/03 05:55,05F0439S,05F0494S,31,200,5
2026/07/03 05:55,05F0439S,05F0494S,32,197,6
2026/07/03 05:55,05F0439S,05F0494S,41,0,0
2026/07/03 05:55,05F0439S,05F0494S,42,203,2
2026/07/03 05:55,05F0439S,05F0494S,5,215,2
2026/07/03 06:00,05F0000S,05F0055S,31,240,47
2026/07/03 06:00,05F0000S,05F0055S,32,233,27
2026/07/03 06:00,05F0000S,05F0055S,41,0,0
2026/07/03 06:00,05F0000S,05F0055S,42,0,0
2026/07/03 06:00,05F0000S,05F0055S,5,0,0
2026/07/03 06:00,05F0055S,05F0287S,31,956,42
2026/07/03 06:00,05F0055S,05F0287S,32,948,27
2026/07/03 06:00,05F0055S,05F0287S,41,978,2
2026/07/03 06:00,05F0055S,05F0287S,42,0,0
2026/07/03 06:00,05F0055S,05F0287S,5,0,0
2026/07/03 06:00,05F0287S,05F0309S,31,87,28
2026/07/03 06:00,05F0287S,05F0309S,32,85,26
2026/07/03 06:00,05F0287S,05F0309S,41,0,0
2026/07/03 06:00,05F0287S,05F0309S,42,0,0
2026/07/03 06:00,05F0287S,05F0309S,5,0,0
2026/07/03 06:00,05F0309S,05F0439S,31,480,16
2026/07/03 06:00,05F0309S,05F0439S,32,483,9
2026/07/03 06:00,05F0309S,05F0439S,41,0,0
2026/07/03 06:00,05F0309S,05F0439S,42,476,2
2026/07/03 06:00,05F0309S,05F0439S,5,534,9
2026/07/03 06:00,05F0439S,05F0494S,31,198,11
2026/07/03 06:00,05F0439S,05F0494S,32,211,6
2026/07/03 06:00,05F0439S,05F0494S,41,0,0
2026/07/03 06:00,05F0439S,05F0494S,42,219,2
2026/07/03 06:00,05F0439S,05F0494S,5,218,1
2026/07/03 06:05,05F0000S,05F0055S,31,238,41
2026/07/03 06:05,05F0000S,05F0055S,32,236,20
2026/07/03 06:05,05F0000S,05F0055S,41,248,1
2026/07/03 06:05,05F0000S,05F0055S,42,0,0
2026/07/03 06:05,05F0000S,05F0055S,5,0,0
2026/07/03 06:05,05F0055S,05F0287S,31,938,30
2026/07/03 06:05,05F0055S,05F0287S,32,931,13
2026/07/03 06:05,05F0055S,05F0287S,41,0,0
2026/07/03 06:05,05F0055S,05F0287S,42,0,0
2026/07/03 06:05,05F0055S,05F0287S,5,0,0
2026/07/03 06:05,05F0287S,05F0309S,31,81,23
2026/07/03 06:05,05F0287S,05F0309S,32,79,10
2026/07/03 06:05,05F0287S,05F0309S,41,90,1
2026/07/03 06:05,05F0287S,05F0309S,42,0,0
2026/07/03 06:05,05F0287S,05F0309S,5,0,0
2026/07/03 06:05,05F0309S,05F0439S,31,454,13
2026/07/03 06:05,05F0309S,05F0439S,32,450,7
2026/07/03 06:05,05F0309S,05F0439S,41,0,0
2026/07/03 06:05,05F0309S,05F0439S,42,561,5
2026/07/03 06:05,05F0309S,05F0439S,5,521,5
2026/07/03 06:05,05F0439S,05F0494S,31,215,3
2026/07/03 06:05,05F0439S,05F0494S,32,206,8
2026/07/03 06:05,05F0439S,05F0494S,41,0,0
2026/07/03 06:05,05F0439S,05F0494S,42,203,2
2026/07/03 06:05,05F0439S,05F0494S,5,223,4
2026/07/03 06:10,05F0000S,05F0055S,31,243,56
2026/07/03 06:10,05F0000S,05F0055S,32,240,21
2026/07/03 06:10,05F0000S,05F0055S,41,237,2
2026/07/03 06:10,05F0000S,05F0055S,42,0,0
2026/07/03 06:10,05F0000S,05F0055S,5,0,0
2026/07/03 06:10,05F0055S,05F0287S,31,952,42
2026/07/03 06:10,05F0055S,05F0287S,32,962,25
2026/07/03 06:10,05F0055S,05F0287S,41,984,1
2026/07/03 06:10,05F0055S,05F0287S,42,0,0
2026/07/03 06:10,05F0055S,05F0287S,5,0,0
2026/07/03 06:10,05F0287S,05F0309S,31,84,24
2026/07/03 06:10,05F0287S,05F0309S,32,86,21
2026/07/03 06:10,05F0287S,05F0309S,41,0,0
2026/07/03 06:10,05F0287S,05F0309S,42,0,0
2026/07/03 06:10,05F0287S,05F0309S,5,0,0
2026/07/03 06:10,05F0309S,05F0439S,31,450,21
2026/07/03 06:10,05F0309S,05F0439S,32,461,16
2026/07/03 06:10,05F0309S,05F0439S,41,523,1
2026/07/03 06:10,05F0309S,05F0439S,42,554,1
2026/07/03 06:10,05F0309S,05F0439S,5,564,4
2026/07/03 06:10,05F0439S,05F0494S,31,189,21
2026/07/03 06:10,05F0439S,05F0494S,32,194,8
2026/07/03 06:10,05F0439S,05F0494S,41,0,0
2026/07/03 06:10,05F0439S,05F0494S,42,232,3
2026/07/03 06:10,05F0439S,05F0494S,5,239,3
2026/07/03 06:15,05F0000S,05F0055S,31,247,54
2026/07/03 06:15,05F0000S,05F0055S,32,241,22
2026/07/03 06:15,05F0000S,05F0055S,41,0,0
2026/07/03 06:15,05F0000S,05F0055S,42,0,0
2026/07/03 06:15,05F0000S,05F0055S,5,0,0
2026/07/03 06:15,05F0055S,05F0287S,31,943,45
2026/07/03 06:15,05F0055S,05F0287S,32,946,29
2026/07/03 06:15,05F0055S,05F0287S,41,1025,1
2026/07/03 06:15,05F0055S,05F0287S,42,0,0
2026/07/03 06:15,05F0055S,05F0287S,5,0,0
2026/07/03 06:15,05F0287S,05F0309S,31,84,34
2026/07/03 06:15,05F0287S,05F0309S,32,84,23
2026/07/03 06:15,05F0287S,05F0309S,41,91,1
2026/07/03 06:15,05F0287S,05F0309S,42,0,0
2026/07/03 06:15,05F0287S,05F0309S,5,0,0
2026/07/03 06:15,05F0309S,05F0439S,31,478,20
2026/07/03 06:15,05F0309S,05F0439S,32,498,8
2026/07/03 06:15,05F0309S,05F0439S,41,0,0
2026/07/03 06:15,05F0309S,05F0439S,42,478,1
2026/07/03 06:15,05F0309S,05F0439S,5,491,5
2026/07/03 06:15,05F0439S,05F0494S,31,197,12
2026/07/03 06:15,05F0439S,05F0494S,32,202,8
2026/07/03 06:15,05F0439S,05F0494S,41,222,1
2026/07/03 06:15,05F0439S,05F0494S,42,191,1
2026/07/03 06:15,05F0439S,05F0494S,5,217,2
2026/07/03 06:20,05F0000S,05F0055S,31,236,60
2026/07/03 06:20,05F0000S,05F0055S,32,251,27
2026/07/03 06:20,05F0000S,05F0055S,41,255,1
2026/07/03 06:20,05F0000S,05F0055S,42,0,0
2026/07/03 06:20,05F0000S,05F0055S,5,0,0
2026/07/03 06:20,05F0055S,05F0287S,31,965,48
2026/07/03 06:20,05F0055S,05F0287S,32,957,17
2026/07/03 06:20,05F0055S,05F0287S,41,995,1
2026/07/03 06:20,05F0055S,05F0287S,42,0,0
2026/07/03 06:20,05F0055S,05F0287S,5,0,0
2026/07/03 06:20,05F0287S,05F0309S,31,84,29
2026/07/03 06:20,05F0287S,05F0309S,32,88,19
2026/07/03 06:20,05F0287S,05F0309S,41,77,1
2026/07/03 06:20,05F0287S,05F0309S,42,0,0
2026/07/03 06:20,05F0287S,05F0309S,5,0,0
2026/07/03 06:20,05F0309S,05F0439S,31,482,22
2026/07/03 06:20,05F0309S,05F0439S,32,499,15
2026/07/03 06:20,05F0309S,05F0439S,41,0,0
2026/07/03 06:20,05F0309S,05F0439S,42,544,2
2026/07/03 06:20,05F0309S,05F0439S,5,504,9
2026/07/03 06:20,05F0439S,05F0494S,31,198,16
2026/07/03 06:20,05F0439S,05F0494S,32,209,6
2026/07/03 06:20,05F0439S,05F0494S,41,0,0
2026/07/03 06:20,05F0439S,05F0494S,42,0,0
2026/07/03 06:20,05F0439S,05F0494S,5,212,6
2026/07/03 06:25,05F0000S,05F0055S,31,246,71
2026/07/03 06:25,05F0000S,05F0055S,32,252,27
2026/07/03 06:25,05F0000S,05F0055S,41,251,1
2026/07/03 06:25,05F0000S,05F0055S,42,0,0
2026/07/03 06:25,05F0000S,05F0055S,5,0,0
2026/07/03 06:25,05F0055S,05F0287S,31,955,45
2026/07/03 06:25,05F0055S,05F0287S,32,949,24
2026/07/03 06:25,05F0055S,05F0287S,41,984,2
2026/07/03 06:25,05F0055S,05F0287S,42,0,0
2026/07/03 06:25,05F0055S,05F0287S,5,0,0
2026/07/03 06:25,05F0287S,05F0309S,31,85,34
2026/07/03 06:25,05F0287S,05F0309S,32,85,24
2026/07/03 06:25,05F0287S,05F0309S,41,94,1
2026/07/03 06:25,05F0287S,05F0309S,42,0,0
2026/07/03 06:25,05F0287S,05F0309S,5,0,0
2026/07/03 06:25,05F0309S,05F0439S,31,461,27
2026/07/03 06:25,05F0309S,05F0439S,32,463,14
2026/07/03 06:25,05F0309S,05F0439S,41,523,1
2026/07/03 06:25,05F0309S,05F0439S,42,497,3
2026/07/03 06:25,05F0309S,05F0439S,5,514,3
2026/07/03 06:25,05F0439S,05F0494S,31,200,18
2026/07/03 06:25,05F0439S,05F0494S,32,211,15
2026/07/03 06:25,05F0439S,05F0494S,41,0,0
2026/07/03 06:25,05F0439S,05F0494S,42,202,1
2026/07/03 06:25,05F0439S,05F0494S,5,227,4
2026/07/03 06:30,05F0000S,05F0055S,31,241,51
2026/07/03 06:30,05F0000S,05F0055S,32,243,36
2026/07/03 06:30,05F0000S,05F0055S,41,248,1
2026/07/03 06:30,05F0000S,05F0055S,42,0,0
2026/07/03 06:30,05F0000S,05F0055S,5,0,0
2026/07/03 06:30,05F0055S,05F0287S,31,979,64
2026/07/03 06:30,05F0055S,05F0287S,32,969,24
2026/07/03 06:30,05F0055S,05F0287S,41,0,0
2026/07/03 06:30,05F0055S,05F0287S,42,0,0
2026/07/03 06:30,05F0055S,05F0287S,5,0,0
2026/07/03 06:30,05F0287S,05F0309S,31,86,36
2026/07/03 06:30,05F0287S,05F0309S,32,86,15
2026/07/03 06:30,05F0287S,05F0309S,41,84,1
2026/07/03 06:30,05F0287S,05F0309S,42,0,0
2026/07/03 06:30,05F0287S,05F0309S,5,0,0
2026/07/03 06:30,05F0309S,05F0439S,31,469,26
2026/07/03 06:30,05F0309S,05F0439S,32,478,14
2026/07/03 06:30,05F0309S,05F0439S,41,0,0
2026/07/03 06:30,05F0309S,05F0439S,42,591,2
2026/07/03 06:30,05F0309S,05F0439S,5,486,1
2026/07/03 06:30,05F0439S,05F0494S,31,197,15
2026/07/03 06:30,05F0439S,05F0494S,32,226,4
2026/07/03 06:30,05F0439S,05F0494S,41,223,1
2026/07/03 06:30,05F0439S,05F0494S,42,226,2
2026/07/03 06:30,05F0439S,05F0494S,5,217,5
2026/07/03 06:35,05F0000S,05F0055S,31,242,66
2026/07/03 06:35,05F0000S,05F0055S,32,243,36
2026/07/03 06:35,05F0000S,05F0055S,41,252,1
2026/07/03 06:35,05F0000S,05F0055S,42,0,0
2026/07/03 06:35,05F0000S,05F0055S,5,0,0
2026/07/03 06:35,05F0055S,05F0287S,31,972,66
2026/07/03 06:35,05F0055S,05F0287S,32,961,24
2026/07/03 06:35,05F0055S,05F0287S,41,1055,1
2026/07/03 06:35,05F0055S,05F0287S,42,0,0
2026/07/03 06:35,05F0055S,05F0287S,5,0,0
2026/07/03 06:35,05F0287S,05F0309S,31,86,57
2026/07/03 06:35,05F0287S,05F0309S,32,86,18
2026/07/03 06:35,05F0287S,05F0309S,41,92,1
2026/07/03 06:35,05F0287S,05F0309S,42,0,0
2026/07/03 06:35,05F0287S,05F0309S,5,0,0
2026/07/03 06:35,05F0309S,05F0439S,31,466,30
2026/07/03 06:35,05F0309S,05F0439S,32,475,13
2026/07/03 06:35,05F0309S,05F0439S,41,506,2
2026/07/03 06:35,05F0309S,05F0439S,42,533,2
2026/07/03 06:35,05F0309S,05F0439S,5,617,1
2026/07/03 06:35,05F0439S,05F0494S,31,200,14
2026/07/03 06:35,05F0439S,05F0494S,32,198,10
2026/07/03 06:35,05F0439S,05F0494S,41,0,0
2026/07/03 06:35,05F0439S,05F0494S,42,0,0
2026/07/03 06:35,05F0439S,05F0494S,5,230,2
2026/07/03 06:40,05F0000S,05F0055S,31,241,64
2026/07/03 06:40,05F0000S,05F0055S,32,245,36
2026/07/03 06:40,05F0000S,05F0055S,41,253,1
2026/07/03 06:40,05F0000S,05F0055S,42,0,0
2026/07/03 06:40,05F0000S,05F0055S,5,0,0
2026/07/03 06:40,05F0055S,05F0287S,31,976,60
2026/07/03 06:40,05F0055S,05F0287S,32,996,28
2026/07/03 06:40,05F0055S,05F0287S,41,0,0
2026/07/03 06:40,05F0055S,05F0287S,42,0,0
2026/07/03 06:40,05F0055S,05F0287S,5,0,0
2026/07/03 06:40,05F0287S,05F0309S,31,87,37
2026/07/03 06:40,05F0287S,05F0309S,32,93,18
2026/07/03 06:40,05F0287S,05F0309S,41,0,0
2026/07/03 06:40,05F0287S,05F0309S,42,0,0
2026/07/03 06:40,05F0287S,05F0309S,5,0,0
2026/07/03 06:40,05F0309S,05F0439S,31,478,24
2026/07/03 06:40,05F0309S,05F0439S,32,487,14
2026/07/03 06:40,05F0309S,05F0439S,41,0,0
2026/07/03 06:40,05F0309S,05F0439S,42,542,2
2026/07/03 06:40,05F0309S,05F0439S,5,521,5
2026/07/03 06:40,05F0439S,05F0494S,31,202,20
2026/07/03 06:40,05F0439S,05F0494S,32,186,7
2026/07/03 06:40,05F0439S,05F0494S,41,0,0
2026/07/03 06:40,05F0439S,05F0494S,42,0,0
2026/07/03 06:40,05F0439S,05F0494S,5,2525,1
2026/07/03 06:45,05F0000S,05F0055S,31,252,89
2026/07/03 06:45,05F0000S,05F0055S,32,257,42
2026/07/03 06:45,05F0000S,05F0055S,41,252,2
2026/07/03 06:45,05F0000S,05F0055S,42,0,0
2026/07/03 06:45,05F0000S,05F0055S,5,0,0
2026/07/03 06:45,05F0055S,05F0287S,31,982,49
2026/07/03 06:45,05F0055S,05F0287S,32,986,29
2026/07/03 06:45,05F0055S,05F0287S,41,1008,2
2026/07/03 06:45,05F0055S,05F0287S,42,0,0
2026/07/03 06:45,05F0055S,05F0287S,5,0,0
2026/07/03 06:45,05F0287S,05F0309S,31,82,57
2026/07/03 06:45,05F0287S,05F0309S,32,87,28
2026/07/03 06:45,05F0287S,05F0309S,41,0,0
2026/07/03 06:45,05F0287S,05F0309S,42,0,0
2026/07/03 06:45,05F0287S,05F0309S,5,0,0
2026/07/03 06:45,05F0309S,05F0439S,31,480,41
2026/07/03 06:45,05F0309S,05F0439S,32,490,12
2026/07/03 06:45,05F0309S,05F0439S,41,537,1
2026/07/03 06:45,05F0309S,05F0439S,42,520,2
2026/07/03 06:45,05F0309S,05F0439S,5,500,1
2026/07/03 06:45,05F0439S,05F0494S,31,203,31
2026/07/03 06:45,05F0439S,05F0494S,32,203,12
2026/07/03 06:45,05F0439S,05F0494S,41,0,0
2026/07/03 06:45,05F0439S,05F0494S,42,0,0
2026/07/03 06:45,05F0439S,05F0494S,5,218,2
2026/07/03 06:50,05F0000S,05F0055S,31,244,82
2026/07/03 06:50,05F0000S,05F0055S,32,250,34
2026/07/03 06:50,05F0000S,05F0055S,41,276,2
2026/07/03 06:50,05F0000S,05F0055S,42,0,0
2026/07/03 06:50,05F0000S,05F0055S,5,0,0
2026/07/03 06:50,05F0055S,05F0287S,31,975,78
2026/07/03 06:50,05F0055S,05F0287S,32,982,40
2026/07/03 06:50,05F0055S,05F0287S,41,1006,1
2026/07/03 06:50,05F0055S,05F0287S,42,0,0
2026/07/03 06:50,05F0055S,05F0287S,5,0,0
2026/07/03 06:50,05F0287S,05F0309S,31,85,41
2026/07/03 06:50,05F0287S,05F0309S,32,84,24
2026/07/03 06:50,05F0287S,05F0309S,41,94,1
2026/07/03 06:50,05F0287S,05F0309S,42,0,0
2026/07/03 06:50,05F0287S,05F0309S,5,0,0
2026/07/03 06:50,05F0309S,05F0439S,31,452,34
2026/07/03 06:50,05F0309S,05F0439S,32,486,24
2026/07/03 06:50,05F0309S,05F0439S,41,0,0
2026/07/03 06:50,05F0309S,05F0439S,42,563,1
2026/07/03 06:50,05F0309S,05F0439S,5,535,3
2026/07/03 06:50,05F0439S,05F0494S,31,203,30
2026/07/03 06:50,05F0439S,05F0494S,32,213,10
2026/07/03 06:50,05F0439S,05F0494S,41,0,0
2026/07/03 06:50,05F0439S,05F0494S,42,0,0
2026/07/03 06:50,05F0439S,05F0494S,5,0,0
2026/07/03 06:55,05F0000S,05F0055S,31,256,101
2026/07/03 06:55,05F0000S,05F0055S,32,248,38
2026/07/03 06:55,05F0000S,05F0055S,41,265,5
2026/07/03 06:55,05F0000S,05F0055S,42,0,0
2026/07/03 06:55,05F0000S,05F0055S,5,0,0
2026/07/03 06:55,05F0055S,05F0287S,31,992,67
2026/07/03 06:55,05F0055S,05F0287S,32,993,34
2026/07/03 06:55,05F0055S,05F0287S,41,1002,1
2026/07/03 06:55,05F0055S,05F0287S,42,0,0
2026/07/03 06:55,05F0055S,05F0287S,5,0,0
2026/07/03 06:55,05F0287S,05F0309S,31,85,44
2026/07/03 06:55,05F0287S,05F0309S,32,87,30
2026/07/03 06:55,05F0287S,05F0309S,41,85,1
2026/07/03 06:55,05F0287S,05F0309S,42,0,0
2026/07/03 06:55,05F0287S,05F0309S,5,0,0
2026/07/03 06:55,05F0309S,05F0439S,31,478,41
2026/07/03 06:55,05F0309S,05F0439S,32,493,19
2026/07/03 06:55,05F0309S,05F0439S,41,0,0
2026/07/03 06:55,05F0309S,05F0439S,42,564,3
2026/07/03 06:55,05F0309S,05F0439S,5,505,2
2026/07/03 06:55,05F0439S,05F0494S,31,198,29
2026/07/03 06:55,05F0439S,05F0494S,32,202,11
2026/07/03 06:55,05F0439S,05F0494S,41,0,0
2026/07/03 06:55,05F0439S,05F0494S,42,238,2
2026/07/03 06:55,05F0439S,05F0494S,5,192,2
2026/07/03 07:00,05F0000S,05F0055S,31,249,74
2026/07/03 07:00,05F0000S,05F0055S,32,252,33
2026/07/03 07:00,05F0000S,05F0055S,41,243,3
2026/07/03 07:00,05F0000S,05F0055S,42,0,0
2026/07/03 07:00,05F0000S,05F0055S,5,0,0
2026/07/03 07:00,05F0055S,05F0287S,31,980,84
2026/07/03 07:00,05F0055S,05F0287S,32,1001,39
2026/07/03 07:00,05F0055S,05F0287S,41,1058,1
2026/07/03 07:00,05F0055S,05F0287S,42,0,0
2026/07/03 07:00,05F0055S,05F0287S,5,0,0
2026/07/03 07:00,05F0287S,05F0309S,31,86,60
2026/07/03 07:00,05F0287S,05F0309S,32,90,26
2026/07/03 07:00,05F0287S,05F0309S,41,0,0
2026/07/03 07:00,05F0287S,05F0309S,42,0,0
2026/07/03 07:00,05F0287S,05F0309S,5,0,0
2026/07/03 07:00,05F0309S,05F0439S,31,452,34
2026/07/03 07:00,05F0309S,05F0439S,32,471,11
2026/07/03 07:00,05F0309S,05F0439S,41,544,1
2026/07/03 07:00,05F0309S,05F0439S,42,633,1
2026/07/03 07:00,05F0309S,05F0439S,5,503,1
2026/07/03 07:00,05F0439S,05F0494S,31,197,28
2026/07/03 07:00,05F0439S,05F0494S,32,198,12
2026/07/03 07:00,05F0439S,05F0494S,41,0,0
2026/07/03 07:00,05F0439S,05F0494S,42,243,3
2026/07/03 07:00,05F0439S,05F0494S,5,207,3
2026/07/03 07:05,05F0000S,05F0055S,31,253,92
2026/07/03 07:05,05F0000S,05F0055S,32,257,40
2026/07/03 07:05,05F0000S,05F0055S,41,282,3
2026/07/03 07:05,05F0000S,05F0055S,42,0,0
2026/07/03 07:05,05F0000S,05F0055S,5,0,0
2026/07/03 07:05,05F0055S,05F0287S,31,1014,75
2026/07/03 07:05,05F0055S,05F0287S,32,1023,37
2026/07/03 07:05,05F0055S,05F0287S,41,1034,1
2026/07/03 07:05,05F0055S,05F0287S,42,0,0
2026/07/03 07:05,05F0055S,05F0287S,5,0,0
2026/07/03 07:05,05F0287S,05F0309S,31,86,66
2026/07/03 07:05,05F0287S,05F0309S,32,88,40
2026/07/03 07:05,05F0287S,05F0309S,41,90,2
2026/07/03 07:05,05F0287S,05F0309S,42,0,0
2026/07/03 07:05,05F0287S,05F0309S,5,0,0
2026/07/03 07:05,05F0309S,05F0439S,31,483,43
2026/07/03 07:05,05F0309S,05F0439S,32,482,18
2026/07/03 07:05,05F0309S,05F0439S,41,0,0
2026/07/03 07:05,05F0309S,05F0439S,42,531,6
2026/07/03 07:05,05F0309S,05F0439S,5,519,7
2026/07/03 07:05,05F0439S,05F0494S,31,202,31
2026/07/03 07:05,05F0439S,05F0494S,32,206,12
2026/07/03 07:05,05F0439S,05F0494S,41,0,0
2026/07/03 07:05,05F0439S,05F0494S,42,222,1
2026/07/03 07:05,05F0439S,05F0494S,5,219,2
2026/07/03 07:10,05F0000S,05F0055S,31,244,86
2026/07/03 07:10,05F0000S,05F0055S,32,252,33
2026/07/03 07:10,05F0000S,05F0055S,41,247,1
2026/07/03 07:10,05F0000S,05F0055S,42,0,0
2026/07/03 07:10,05F0000S,05F0055S,5,0,0
2026/07/03 07:10,05F0055S,05F0287S,31,997,113
2026/07/03 07:10,05F0055S,05F0287S,32,1005,44
2026/07/03 07:10,05F0055S,05F0287S,41,1060,6
2026/07/03 07:10,05F0055S,05F0287S,42,0,0
2026/07/03 07:10,05F0055S,05F0287S,5,0,0
2026/07/03 07:10,05F0287S,05F0309S,31,86,72
2026/07/03 07:10,05F0287S,05F0309S,32,88,24
2026/07/03 07:10,05F0287S,05F0309S,41,92,6
2026/07/03 07:10,05F0287S,05F0309S,42,0,0
2026/07/03 07:10,05F0287S,05F0309S,5,0,0
2026/07/03 07:10,05F0309S,05F0439S,31,478,41
2026/07/03 07:10,05F0309S,05F0439S,32,503,22
2026/07/03 07:10,05F0309S,05F0439S,41,517,1
2026/07/03 07:10,05F0309S,05F0439S,42,516,4
2026/07/03 07:10,05F0309S,05F0439S,5,520,5
2026/07/03 07:10,05F0439S,05F0494S,31,203,35
2026/07/03 07:10,05F0439S,05F0494S,32,209,15
2026/07/03 07:10,05F0439S,05F0494S,41,0,0
2026/07/03 07:10,05F0439S,05F0494S,42,222,2
2026/07/03 07:10,05F0439S,05F0494S,5,204,5
2026/07/03 07:15,05F0000S,05F0055S,31,243,81
2026/07/03 07:15,05F0000S,05F0055S,32,245,44
2026/07/03 07:15,05F0000S,05F0055S,41,263,2
2026/07/03 07:15,05F0000S,05F0055S,42,0,0
2026/07/03 07:15,05F0000S,05F0055S,5,0,0
2026/07/03 07:15,05F0055S,05F0287S,31,1019,75
2026/07/03 07:15,05F0055S,05F0287S,32,1025,34
2026/07/03 07:15,05F0055S,05F0287S,41,1061,1
2026/07/03 07:15,05F0055S,05F0287S,42,0,0
2026/07/03 07:15,05F0055S,05F0287S,5,0,0
2026/07/03 07:15,05F0287S,05F0309S,31,86,70
2026/07/03 07:15,05F0287S,05F0309S,32,86,34
2026/07/03 07:15,05F0287S,05F0309S,41,97,1
2026/07/03 07:15,05F0287S,05F0309S,42,0,0
2026/07/03 07:15,05F0287S,05F0309S,5,0,0
2026/07/03 07:15,05F0309S,05F0439S,31,474,48
2026/07/03 07:15,05F0309S,05F0439S,32,491,32
2026/07/03 07:15,05F0309S,05F0439S,41,527,1
2026/07/03 07:15,05F0309S,05F0439S,42,514,1
2026/07/03 07:15,05F0309S,05F0439S,5,531,4
2026/07/03 07:15,05F0439S,05F0494S,31,202,36
2026/07/03 07:15,05F0439S,05F0494S,32,201,16
2026/07/03 07:15,05F0439S,05F0494S,41,0,0
2026/07/03 07:15,05F0439S,05F0494S,42,220,2
2026/07/03 07:15,05F0439S,05F0494S,5,217,4
2026/07/03 07:20,05F0000S,05F0055S,31,246,66
2026/07/03 07:20,05F0000S,05F0055S,32,252,25
2026/07/03 07:20,05F0000S,05F0055S,41,251,1
2026/07/03 07:20,05F0000S,05F0055S,42,0,0
2026/07/03 07:20,05F0000S,05F0055S,5,0,0
2026/07/03 07:20,05F0055S,05F0287S,31,999,99
2026/07/03 07:20,05F0055S,05F0287S,32,1007,32
2026/07/03 07:20,05F0055S,05F0287S,41,1046,6
2026/07/03 07:20,05F0055S,05F0287S,42,0,0
2026/07/03 07:20,05F0055S,05F0287S,5,0,0
2026/07/03 07:20,05F0287S,05F0309S,31,87,75
2026/07/03 07:20,05F0287S,05F0309S,32,88,27
2026/07/03 07:20,05F0287S,05F0309S,41,92,2
2026/07/03 07:20,05F0287S,05F0309S,42,0,0
2026/07/03 07:20,05F0287S,05F0309S,5,0,0
2026/07/03 07:20,05F0309S,05F0439S,31,482,63
2026/07/03 07:20,05F0309S,05F0439S,32,486,31
2026/07/03 07:20,05F0309S,05F0439S,41,525,5
2026/07/03 07:20,05F0309S,05F0439S,42,526,2
2026/07/03 07:20,05F0309S,05F0439S,5,502,7
2026/07/03 07:20,05F0439S,05F0494S,31,198,58
2026/07/03 07:20,05F0439S,05F0494S,32,204,24
2026/07/03 07:20,05F0439S,05F0494S,41,0,0
2026/07/03 07:20,05F0439S,05F0494S,42,1240,2
2026/07/03 07:20,05F0439S,05F0494S,5,218,8
2026/07/03 07:25,05F0000S,05F0055S,31,248,91
2026/07/03 07:25,05F0000S,05F0055S,32,246,27
2026/07/03 07:25,05F0000S,05F0055S,41,248,5
2026/07/03 07:25,05F0000S,05F0055S,42,0,0
2026/07/03 07:25,05F0000S,05F0055S,5,0,0
2026/07/03 07:25,05F0055S,05F0287S,31,1006,93
2026/07/03 07:25,05F0055S,05F0287S,32,1013,35
2026/07/03 07:25,05F0055S,05F0287S,41,0,0
2026/07/03 07:25,05F0055S,05F0287S,42,0,0
2026/07/03 07:25,05F0055S,05F0287S,5,0,0
2026/07/03 07:25,05F0287S,05F0309S,31,87,80
2026/07/03 07:25,05F0287S,05F0309S,32,88,26
2026/07/03 07:25,05F0287S,05F0309S,41,0,0
2026/07/03 07:25,05F0287S,05F0309S,42,0,0
2026/07/03 07:25,05F0287S,05F0309S,5,0,0
2026/07/03 07:25,05F0309S,05F0439S,31,475,61
2026/07/03 07:25,05F0309S,05F0439S,32,495,25
2026/07/03 07:25,05F0309S,05F0439S,41,481,1
2026/07/03 07:25,05F0309S,05F0439S,42,543,3
2026/07/03 07:25,05F0309S,05F0439S,5,504,5
2026/07/03 07:25,05F0439S,05F0494S,31,202,70
2026/07/03 07:25,05F0439S,05F0494S,32,204,20
2026/07/03 07:25,05F0439S,05F0494S,41,219,4
2026/07/03 07:25,05F0439S,05F0494S,42,241,1
2026/07/03 07:25,05F0439S,05F0494S,5,208,6
2026/07/03 07:30,05F0000S,05F0055S,31,250,77
2026/07/03 07:30,05F0000S,05F0055S,32,249,32
2026/07/03 07:30,05F0000S,05F0055S,41,260,3
2026/07/03 07:30,05F0000S,05F0055S,42,0,0
2026/07/03 07:30,05F0000S,05F0055S,5,0,0
2026/07/03 07:30,05F0055S,05F0287S,31,985,78
2026/07/03 07:30,05F0055S,05F0287S,32,985,43
2026/07/03 07:30,05F0055S,05F0287S,41,1033,2
2026/07/03 07:30,05F0055S,05F0287S,42,0,0
2026/07/03 07:30,05F0055S,05F0287S,5,0,0
2026/07/03 07:30,05F0287S,05F0309S,31,84,62
2026/07/03 07:30,05F0287S,05F0309S,32,87,34
2026/07/03 07:30,05F0287S,05F0309S,41,0,0
2026/07/03 07:30,05F0287S,05F0309S,42,0,0
2026/07/03 07:30,05F0287S,05F0309S,5,0,0
2026/07/03 07:30,05F0309S,05F0439S,31,481,61
2026/07/03 07:30,05F0309S,05F0439S,32,481,22
2026/07/03 07:30,05F0309S,05F0439S,41,537,1
2026/07/03 07:30,05F0309S,05F0439S,42,499,3
2026/07/03 07:30,05F0309S,05F0439S,5,501,5
2026/07/03 07:30,05F0439S,05F0494S,31,202,74
2026/07/03 07:30,05F0439S,05F0494S,32,201,19
2026/07/03 07:30,05F0439S,05F0494S,41,0,0
2026/07/03 07:30,05F0439S,05F0494S,42,0,0
2026/07/03 07:30,05F0439S,05F0494S,5,212,7
2026/07/03 07:35,05F0000S,05F0055S,31,246,80
2026/07/03 07:35,05F0000S,05F0055S,32,252,31
2026/07/03 07:35,05F0000S,05F0055S,41,653,6
2026/07/03 07:35,05F0000S,05F0055S,42,0,0
2026/07/03 07:35,05F0000S,05F0055S,5,0,0
2026/07/03 07:35,05F0055S,05F0287S,31,1003,73
2026/07/03 07:35,05F0055S,05F0287S,32,995,36
2026/07/03 07:35,05F0055S,05F0287S,41,1060,1
2026/07/03 07:35,05F0055S,05F0287S,42,0,0
2026/07/03 07:35,05F0055S,05F0287S,5,0,0
2026/07/03 07:35,05F0287S,05F0309S,31,86,64
2026/07/03 07:35,05F0287S,05F0309S,32,85,28
2026/07/03 07:35,05F0287S,05F0309S,41,95,1
2026/07/03 07:35,05F0287S,05F0309S,42,0,0
2026/07/03 07:35,05F0287S,05F0309S,5,0,0
2026/07/03 07:35,05F0309S,05F0439S,31,476,55
2026/07/03 07:35,05F0309S,05F0439S,32,484,23
2026/07/03 07:35,05F0309S,05F0439S,41,0,0
2026/07/03 07:35,05F0309S,05F0439S,42,475,2
2026/07/03 07:35,05F0309S,05F0439S,5,516,4
2026/07/03 07:35,05F0439S,05F0494S,31,195,59
2026/07/03 07:35,05F0439S,05F0494S,32,203,21
2026/07/03 07:35,05F0439S,05F0494S,41,0,0
2026/07/03 07:35,05F0439S,05F0494S,42,207,1
2026/07/03 07:35,05F0439S,05F0494S,5,223,3
2026/07/03 07:40,05F0000S,05F0055S,31,246,73
2026/07/03 07:40,05F0000S,05F0055S,32,251,19
2026/07/03 07:40,05F0000S,05F0055S,41,247,4
2026/07/03 07:40,05F0000S,05F0055S,42,0,0
2026/07/03 07:40,05F0000S,05F0055S,5,0,0
2026/07/03 07:40,05F0055S,05F0287S,31,997,99
2026/07/03 07:40,05F0055S,05F0287S,32,998,33
2026/07/03 07:40,05F0055S,05F0287S,41,1031,4
2026/07/03 07:40,05F0055S,05F0287S,42,0,0
2026/07/03 07:40,05F0055S,05F0287S,5,0,0
2026/07/03 07:40,05F0287S,05F0309S,31,87,75
2026/07/03 07:40,05F0287S,05F0309S,32,88,32
2026/07/03 07:40,05F0287S,05F0309S,41,93,3
2026/07/03 07:40,05F0287S,05F0309S,42,0,0
2026/07/03 07:40,05F0287S,05F0309S,5,0,0
2026/07/03 07:40,05F0309S,05F0439S,31,473,63
2026/07/03 07:40,05F0309S,05F0439S,32,490,26
2026/07/03 07:40,05F0309S,05F0439S,41,0,0
2026/07/03 07:40,05F0309S,05F0439S,42,0,0
2026/07/03 07:40,05F0309S,05F0439S,5,505,5
2026/07/03 07:40,05F0439S,05F0494S,31,193,69
2026/07/03 07:40,05F0439S,05F0494S,32,208,20
2026/07/03 07:40,05F0439S,05F0494S,41,0,0
2026/07/03 07:40,05F0439S,05F0494S,42,203,1
2026/07/03 07:40,05F0439S,05F0494S,5,210,1
2026/07/03 07:45,05F0000S,05F0055S,31,249,60
2026/07/03 07:45,05F0000S,05F0055S,32,250,32
2026/07/03 07:45,05F0000S,05F0055S,41,251,2
2026/07/03 07:45,05F0000S,05F0055S,42,0,0
2026/07/03 07:45,05F0000S,05F0055S,5,0,0
2026/07/03 07:45,05F0055S,05F0287S,31,1009,81
2026/07/03 07:45,05F0055S,05F0287S,32,1032,26
2026/07/03 07:45,05F0055S,05F0287S,41,1044,4
2026/07/03 07:45,05F0055S,05F0287S,42,0,0
2026/07/03 07:45,05F0055S,05F0287S,5,0,0
2026/07/03 07:45,05F0287S,05F0309S,31,88,63
2026/07/03 07:45,05F0287S,05F0309S,32,89,22
2026/07/03 07:45,05F0287S,05F0309S,41,93,2
2026/07/03 07:45,05F0287S,05F0309S,42,0,0
2026/07/03 07:45,05F0287S,05F0309S,5,0,0
2026/07/03 07:45,05F0309S,05F0439S,31,472,45
2026/07/03 07:45,05F0309S,05F0439S,32,485,28
2026/07/03 07:45,05F0309S,05F0439S,41,0,0
2026/07/03 07:45,05F0309S,05F0439S,42,573,1
2026/07/03 07:45,05F0309S,05F0439S,5,517,6
2026/07/03 07:45,05F0439S,05F0494S,31,196,64
2026/07/03 07:45,05F0439S,05F0494S,32,203,27
2026/07/03 07:45,05F0439S,05F0494S,41,0,0
2026/07/03 07:45,05F0439S,05F0494S,42,0,0
2026/07/03 07:45,05F0439S,05F0494S,5,209,6
2026/07/03 07:50,05F0000S,05F0055S,31,243,70
2026/07/03 07:50,05F0000S,05F0055S,32,245,32
2026/07/03 07:50,05F0000S,05F0055S,41,236,5
2026/07/03 07:50,05F0000S,05F0055S,42,0,0
2026/07/03 07:50,05F0000S,05F0055S,5,0,0
2026/07/03 07:50,05F0055S,05F0287S,31,1000,98
2026/07/03 07:50,05F0055S,05F0287S,32,1014,45
2026/07/03 07:50,05F0055S,05F0287S,41,1040,2
2026/07/03 07:50,05F0055S,05F0287S,42,0,0
2026/07/03 07:50,05F0055S,05F0287S,5,0,0
2026/07/03 07:50,05F0287S,05F0309S,31,87,67
2026/07/03 07:50,05F0287S,05F0309S,32,92,39
2026/07/03 07:50,05F0287S,05F0309S,41,92,2
2026/07/03 07:50,05F0287S,05F0309S,42,93,1
2026/07/03 07:50,05F0287S,05F0309S,5,0,0
2026/07/03 07:50,05F0309S,05F0439S,31,487,46
2026/07/03 07:50,05F0309S,05F0439S,32,481,25
2026/07/03 07:50,05F0309S,05F0439S,41,532,1
2026/07/03 07:50,05F0309S,05F0439S,42,557,2
2026/07/03 07:50,05F0309S,05F0439S,5,501,1
2026/07/03 07:50,05F0439S,05F0494S,31,199,34
2026/07/03 07:50,05F0439S,05F0494S,32,211,14
2026/07/03 07:50,05F0439S,05F0494S,41,0,0
2026/07/03 07:50,05F0439S,05F0494S,42,224,1
2026/07/03 07:50,05F0439S,05F0494S,5,222,4
2026/07/03 07:55,05F0000S,05F0055S,31,253,77
2026/07/03 07:55,05F0000S,05F0055S,32,251,21
2026/07/03 07:55,05F0000S,05F0055S,41,259,5
2026/07/03 07:55,05F0000S,05F0055S,42,0,0
2026/07/03 07:55,05F0000S,05F0055S,5,0,0
2026/07/03 07:55,05F0055S,05F0287S,31,1003,68
2026/07/03 07:55,05F0055S,05F0287S,32,1013,26
2026/07/03 07:55,05F0055S,05F0287S,41,1060,5
2026/07/03 07:55,05F0055S,05F0287S,42,0,0
2026/07/03 07:55,05F0055S,05F0287S,5,0,0
2026/07/03 07:55,05F0287S,05F0309S,31,85,66
2026/07/03 07:55,05F0287S,05F0309S,32,87,22
2026/07/03 07:55,05F0287S,05F0309S,41,92,4
2026/07/03 07:55,05F0287S,05F0309S,42,0,0
2026/07/03 07:55,05F0287S,05F0309S,5,0,0
2026/07/03 07:55,05F0309S,05F0439S,31,500,69
2026/07/03 07:55,05F0309S,05F0439S,32,504,20
2026/07/03 07:55,05F0309S,05F0439S,41,521,3
2026/07/03 07:55,05F0309S,05F0439S,42,554,3
2026/07/03 07:55,05F0309S,05F0439S,5,535,5
2026/07/03 07:55,05F0439S,05F0494S,31,200,48
2026/07/03 07:55,05F0439S,05F0494S,32,208,14
2026/07/03 07:55,05F0439S,05F0494S,41,0,0
2026/07/03 07:55,05F0439S,05F0494S,42,0,0
2026/07/03 07:55,05F0439S,05F0494S,5,222,2
2026/07/03 08:00,05F0000S,05F0055S,31,249,57
2026/07/03 08:00,05F0000S,05F0055S,32,251,21
2026/07/03 08:00,05F0000S,05F0055S,41,257,7
2026/07/03 08:00,05F0000S,05F0055S,42,256,1
2026/07/03 08:00,05F0000S,05F0055S,5,0,0
2026/07/03 08:00,05F0055S,05F0287S,31,1025,71
2026/07/03 08:00,05F0055S,05F0287S,32,1015,30
2026/07/03 08:00,05F0055S,05F0287S,41,1081,5
2026/07/03 08:00,05F0055S,05F0287S,42,0,0
2026/07/03 08:00,05F0055S,05F0287S,5,0,0
2026/07/03 08:00,05F0287S,05F0309S,31,89,52
2026/07/03 08:00,05F0287S,05F0309S,32,87,24
2026/07/03 08:00,05F0287S,05F0309S,41,95,4
2026/07/03 08:00,05F0287S,05F0309S,42,0,0
2026/07/03 08:00,05F0287S,05F0309S,5,0,0
2026/07/03 08:00,05F0309S,05F0439S,31,489,55
2026/07/03 08:00,05F0309S,05F0439S,32,498,29
2026/07/03 08:00,05F0309S,05F0439S,41,492,1
2026/07/03 08:00,05F0309S,05F0439S,42,529,2
2026/07/03 08:00,05F0309S,05F0439S,5,507,7
2026/07/03 08:00,05F0439S,05F0494S,31,208,50
2026/07/03 08:00,05F0439S,05F0494S,32,210,14
2026/07/03 08:00,05F0439S,05F0494S,41,0,0
2026/07/03 08:00,05F0439S,05F0494S,42,233,1
2026/07/03 08:00,05F0439S,05F0494S,5,218,7
2026/07/03 08:05,05F0000S,05F0055S,31,250,52
2026/07/03 08:05,05F0000S,05F0055S,32,250,28
2026/07/03 08:05,05F0000S,05F0055S,41,256,3
2026/07/03 08:05,05F0000S,05F0055S,42,0,0
2026/07/03 08:05,05F0000S,05F0055S,5,0,0
2026/07/03 08:05,05F0055S,05F0287S,31,1002,84
2026/07/03 08:05,05F0055S,05F0287S,32,1012,40
2026/07/03 08:05,05F0055S,05F0287S,41,1061,8
2026/07/03 08:05,05F0055S,05F0287S,42,0,0
2026/07/03 08:05,05F0055S,05F0287S,5,0,0
2026/07/03 08:05,05F0287S,05F0309S,31,87,66
2026/07/03 08:05,05F0287S,05F0309S,32,90,31
2026/07/03 08:05,05F0287S,05F0309S,41,97,4
2026/07/03 08:05,05F0287S,05F0309S,42,0,0
2026/07/03 08:05,05F0287S,05F0309S,5,0,0
2026/07/03 08:05,05F0309S,05F0439S,31,479,39
2026/07/03 08:05,05F0309S,05F0439S,32,479,17
2026/07/03 08:05,05F0309S,05F0439S,41,535,1
2026/07/03 08:05,05F0309S,05F0439S,42,575,2
2026/07/03 08:05,05F0309S,05F0439S,5,516,3
2026/07/03 08:05,05F0439S,05F0494S,31,204,45
2026/07/03 08:05,05F0439S,05F0494S,32,216,20
2026/07/03 08:05,05F0439S,05F0494S,41,1435,2
2026/07/03 08:05,05F0439S,05F0494S,42,233,4
2026/07/03 08:05,05F0439S,05F0494S,5,218,6
2026/07/03 08:10,05F0000S,05F0055S,31,259,76
2026/07/03 08:10,05F0000S,05F0055S,32,261,26
2026/07/03 08:10,05F0000S,05F0055S,41,265,8
2026/07/03 08:10,05F0000S,05F0055S,42,0,0
2026/07/03 08:10,05F0000S,05F0055S,5,0,0
2026/07/03 08:10,05F0055S,05F0287S,31,1004,70
2026/07/03 08:10,05F0055S,05F0287S,32,1011,31
2026/07/03 08:10,05F0055S,05F0287S,41,1037,5
2026/07/03 08:10,05F0055S,05F0287S,42,0,0
2026/07/03 08:10,05F0055S,05F0287S,5,0,0
2026/07/03 08:10,05F0287S,05F0309S,31,84,52
2026/07/03 08:10,05F0287S,05F0309S,32,86,24
2026/07/03 08:10,05F0287S,05F0309S,41,92,5
2026/07/03 08:10,05F0287S,05F0309S,42,0,0
2026/07/03 08:10,05F0287S,05F0309S,5,0,0
2026/07/03 08:10,05F0309S,05F0439S,31,487,49
2026/07/03 08:10,05F0309S,05F0439S,32,495,17
2026/07/03 08:10,05F0309S,05F0439S,41,537,2
2026/07/03 08:10,05F0309S,05F0439S,42,534,3
2026/07/03 08:10,05F0309S,05F0439S,5,518,2
2026/07/03 08:10,05F0439S,05F0494S,31,204,40
2026/07/03 08:10,05F0439S,05F0494S,32,204,11
2026/07/03 08:10,05F0439S,05F0494S,41,0,0
2026/07/03 08:10,05F0439S,05F0494S,42,245,2
2026/07/03 08:10,05F0439S,05F0494S,5,221,4
2026/07/03 08:15,05F0000S,05F0055S,31,251,69
2026/07/03 08:15,05F0000S,05F0055S,32,256,15
2026/07/03 08:15,05F0000S,05F0055S,41,265,8
2026/07/03 08:15,05F0000S,05F0055S,42,0,0
2026/07/03 08:15,05F0000S,05F0055S,5,0,0
2026/07/03 08:15,05F0055S,05F0287S,31,997,76
2026/07/03 08:15,05F0055S,05F0287S,32,1002,24
2026/07/03 08:15,05F0055S,05F0287S,41,1029,4
2026/07/03 08:15,05F0055S,05F0287S,42,0,0
2026/07/03 08:15,05F0055S,05F0287S,5,0,0
2026/07/03 08:15,05F0287S,05F0309S,31,88,74
2026/07/03 08:15,05F0287S,05F0309S,32,88,23
2026/07/03 08:15,05F0287S,05F0309S,41,94,5
2026/07/03 08:15,05F0287S,05F0309S,42,0,0
2026/07/03 08:15,05F0287S,05F0309S,5,0,0
2026/07/03 08:15,05F0309S,05F0439S,31,487,47
2026/07/03 08:15,05F0309S,05F0439S,32,492,26
2026/07/03 08:15,05F0309S,05F0439S,41,540,5
2026/07/03 08:15,05F0309S,05F0439S,42,485,2
2026/07/03 08:15,05F0309S,05F0439S,5,475,3
2026/07/03 08:15,05F0439S,05F0494S,31,202,55
2026/07/03 08:15,05F0439S,05F0494S,32,211,19
2026/07/03 08:15,05F0439S,05F0494S,41,0,0
2026/07/03 08:15,05F0439S,05F0494S,42,0,0
2026/07/03 08:15,05F0439S,05F0494S,5,211,2
2026/07/03 08:20,05F0000S,05F0055S,31,251,83
2026/07/03 08:20,05F0000S,05F0055S,32,252,34
2026/07/03 08:20,05F0000S,05F0055S,41,272,4
2026/07/03 08:20,05F0000S,05F0055S,42,0,0
2026/07/03 08:20,05F0000S,05F0055S,5,0,0
2026/07/03 08:20,05F0055S,05F0287S,31,1002,83
2026/07/03 08:20,05F0055S,05F0287S,32,1000,34
2026/07/03 08:20,05F0055S,05F0287S,41,1059,7
2026/07/03 08:20,05F0055S,05F0287S,42,0,0
2026/07/03 08:20,05F0055S,05F0287S,5,0,0
2026/07/03 08:20,05F0287S,05F0309S,31,88,60
2026/07/03 08:20,05F0287S,05F0309S,32,92,23
2026/07/03 08:20,05F0287S,05F0309S,41,92,5
2026/07/03 08:20,05F0287S,05F0309S,42,0,0
2026/07/03 08:20,05F0287S,05F0309S,5,0,0
2026/07/03 08:20,05F0309S,05F0439S,31,480,49
2026/07/03 08:20,05F0309S,05F0439S,32,484,17
2026/07/03 08:20,05F0309S,05F0439S,41,530,1
2026/07/03 08:20,05F0309S,05F0439S,42,597,1
2026/07/03 08:20,05F0309S,05F0439S,5,528,7
2026/07/03 08:20,05F0439S,05F0494S,31,203,35
2026/07/03 08:20,05F0439S,05F0494S,32,205,24
2026/07/03 08:20,05F0439S,05F0494S,41,207,2
2026/07/03 08:20,05F0439S,05F0494S,42,195,2
2026/07/03 08:20,05F0439S,05F0494S,5,204,2
2026/07/03 08:25,05F0000S,05F0055S,31,250,57
2026/07/03 08:25,05F0000S,05F0055S,32,249,26
2026/07/03 08:25,05F0000S,05F0055S,41,271,8
2026/07/03 08:25,05F0000S,05F0055S,42,0,0
2026/07/03 08:25,05F0000S,05F0055S,5,0,0
2026/07/03 08:25,05F0055S,05F0287S,31,984,70
2026/07/03 08:25,05F0055S,05F0287S,32,997,34
2026/07/03 08:25,05F0055S,05F0287S,41,1042,6
2026/07/03 08:25,05F0055S,05F0287S,42,0,0
2026/07/03 08:25,05F0055S,05F0287S,5,0,0
2026/07/03 08:25,05F0287S,05F0309S,31,87,53
2026/07/03 08:25,05F0287S,05F0309S,32,90,27
2026/07/03 08:25,05F0287S,05F0309S,41,93,3
2026/07/03 08:25,05F0287S,05F0309S,42,0,0
2026/07/03 08:25,05F0287S,05F0309S,5,0,0
2026/07/03 08:25,05F0309S,05F0439S,31,483,52
2026/07/03 08:25,05F0309S,05F0439S,32,512,22
2026/07/03 08:25,05F0309S,05F0439S,41,530,4
2026/07/03 08:25,05F0309S,05F0439S,42,559,3
2026/07/03 08:25,05F0309S,05F0439S,5,558,2
2026/07/03 08:25,05F0439S,05F0494S,31,192,24
2026/07/03 08:25,05F0439S,05F0494S,32,195,15
2026/07/03 08:25,05F0439S,05F0494S,41,225,1
2026/07/03 08:25,05F0439S,05F0494S,42,236,3
2026/07/03 08:25,05F0439S,05F0494S,5,219,3
2026/07/03 08:30,05F0000S,05F0055S,31,251,68
2026/07/03 08:30,05F0000S,05F0055S,32,254,22
2026/07/03 08:30,05F0000S,05F0055S,41,252,11
2026/07/03 08:30,05F0000S,05F0055S,42,0,0
2026/07/03 08:30,05F0000S,05F0055S,5,0,0
2026/07/03 08:30,05F0055S,05F0287S,31,1042,87
2026/07/03 08:30,05F0055S,05F0287S,32,1046,24
2026/07/03 08:30,05F0055S,05F0287S,41,1063,10
2026/07/03 08:30,05F0055S,05F0287S,42,0,0
2026/07/03 08:30,05F0055S,05F0287S,5,0,0
2026/07/03 08:30,05F0287S,05F0309S,31,87,71
2026/07/03 08:30,05F0287S,05F0309S,32,90,25
2026/07/03 08:30,05F0287S,05F0309S,41,95,10
2026/07/03 08:30,05F0287S,05F0309S,42,0,0
2026/07/03 08:30,05F0287S,05F0309S,5,0,0
2026/07/03 08:30,05F0309S,05F0439S,31,489,52
2026/07/03 08:30,05F0309S,05F0439S,32,521,15
2026/07/03 08:30,05F0309S,05F0439S,41,0,0
2026/07/03 08:30,05F0309S,05F0439S,42,0,0
2026/07/03 08:30,05F0309S,05F0439S,5,505,12
2026/07/03 08:30,05F0439S,05F0494S,31,208,41
2026/07/03 08:30,05F0439S,05F0494S,32,209,9
2026/07/03 08:30,05F0439S,05F0494S,41,0,0
2026/07/03 08:30,05F0439S,05F0494S,42,220,1
2026/07/03 08:30,05F0439S,05F0494S,5,217,7
2026/07/03 08:35,05F0000S,05F0055S,31,254,64
2026/07/03 08:35,05F0000S,05F0055S,32,259,26
2026/07/03 08:35,05F0000S,05F0055S,41,257,2
2026/07/03 08:35,05F0000S,05F0055S,42,0,0
2026/07/03 08:35,05F0000S,05F0055S,5,0,0
2026/07/03 08:35,05F0055S,05F0287S,31,1016,93
2026/07/03 08:35,05F0055S,05F0287S,32,1016,38
2026/07/03 08:35,05F0055S,05F0287S,41,1072,5
2026/07/03 08:35,05F0055S,05F0287S,42,0,0
2026/07/03 08:35,05F0055S,05F0287S,5,0,0
2026/07/03 08:35,05F0287S,05F0309S,31,86,62
2026/07/03 08:35,05F0287S,05F0309S,32,86,23
2026/07/03 08:35,05F0287S,05F0309S,41,93,5
2026/07/03 08:35,05F0287S,05F0309S,42,0,0
2026/07/03 08:35,05F0287S,05F0309S,5,0,0
2026/07/03 08:35,05F0309S,05F0439S,31,492,40
2026/07/03 08:35,05F0309S,05F0439S,32,493,20
2026/07/03 08:35,05F0309S,05F0439S,41,525,4
2026/07/03 08:35,05F0309S,05F0439S,42,552,4
2026/07/03 08:35,05F0309S,05F0439S,5,502,4
2026/07/03 08:35,05F0439S,05F0494S,31,203,45
2026/07/03 08:35,05F0439S,05F0494S,32,209,15
2026/07/03 08:35,05F0439S,05F0494S,41,245,2
2026/07/03 08:35,05F0439S,05F0494S,42,233,3
2026/07/03 08:35,05F0439S,05F0494S,5,215,6
2026/07/03 08:40,05F0000S,05F0055S,31,261,76
2026/07/03 08:40,05F0000S,05F0055S,32,261,33
2026/07/03 08:40,05F0000S,05F0055S,41,264,4
2026/07/03 08:40,05F0000S,05F0055S,42,0,0
2026/07/03 08:40,05F0000S,05F0055S,5,0,0
2026/07/03 08:40,05F0055S,05F0287S,31,1017,66
2026/07/03 08:40,05F0055S,05F0287S,32,1023,35
2026/07/03 08:40,05F0055S,05F0287S,41,1065,7
2026/07/03 08:40,05F0055S,05F0287S,42,0,0
2026/07/03 08:40,05F0055S,05F0287S,5,0,0
2026/07/03 08:40,05F0287S,05F0309S,31,87,60
2026/07/03 08:40,05F0287S,05F0309S,32,91,32
2026/07/03 08:40,05F0287S,05F0309S,41,96,3
2026/07/03 08:40,05F0287S,05F0309S,42,0,0
2026/07/03 08:40,05F0287S,05F0309S,5,0,0
2026/07/03 08:40,05F0309S,05F0439S,31,493,55
2026/07/03 08:40,05F0309S,05F0439S,32,492,16
2026/07/03 08:40,05F0309S,05F0439S,41,533,3
2026/07/03 08:40,05F0309S,05F0439S,42,0,0
2026/07/03 08:40,05F0309S,05F0439S,5,506,2
2026/07/03 08:40,05F0439S,05F0494S,31,203,29
2026/07/03 08:40,05F0439S,05F0494S,32,201,12
2026/07/03 08:40,05F0439S,05F0494S,41,0,0
2026/07/03 08:40,05F0439S,05F0494S,42,223,2
2026/07/03 08:40,05F0439S,05F0494S,5,206,7
2026/07/03 08:45,05F0000S,05F0055S,31,257,77
2026/07/03 08:45,05F0000S,05F0055S,32,259,31
2026/07/03 08:45,05F0000S,05F0055S,41,265,7
2026/07/03 08:45,05F0000S,05F0055S,42,0,0
2026/07/03 08:45,05F0000S,05F0055S,5,0,0
2026/07/03 08:45,05F0055S,05F0287S,31,1015,89
2026/07/03 08:45,05F0055S,05F0287S,32,1019,35
2026/07/03 08:45,05F0055S,05F0287S,41,1101,7
2026/07/03 08:45,05F0055S,05F0287S,42,0,0
2026/07/03 08:45,05F0055S,05F0287S,5,0,0
2026/07/03 08:45,05F0287S,05F0309S,31,86,59
2026/07/03 08:45,05F0287S,05F0309S,32,91,26
2026/07/03 08:45,05F0287S,05F0309S,41,93,7
2026/07/03 08:45,05F0287S,05F0309S,42,0,0
2026/07/03 08:45,05F0287S,05F0309S,5,0,0
2026/07/03 08:45,05F0309S,05F0439S,31,479,43
2026/07/03 08:45,05F0309S,05F0439S,32,507,17
2026/07/03 08:45,05F0309S,05F0439S,41,550,4
2026/07/03 08:45,05F0309S,05F0439S,42,529,3
2026/07/03 08:45,05F0309S,05F0439S,5,481,1
2026/07/03 08:45,05F0439S,05F0494S,31,205,42
2026/07/03 08:45,05F0439S,05F0494S,32,218,14
2026/07/03 08:45,05F0439S,05F0494S,41,220,1
2026/07/03 08:45,05F0439S,05F0494S,42,0,0
2026/07/03 08:45,05F0439S,05F0494S,5,1317,1
2026/07/03 08:50,05F0000S,05F0055S,31,258,81
2026/07/03 08:50,05F0000S,05F0055S,32,261,22
2026/07/03 08:50,05F0000S,05F0055S,41,274,10
2026/07/03 08:50,05F0000S,05F0055S,42,0,0
2026/07/03 08:50,05F0000S,05F0055S,5,0,0
2026/07/03 08:50,05F0055S,05F0287S,31,1027,79
2026/07/03 08:50,05F0055S,05F0287S,32,1030,32
2026/07/03 08:50,05F0055S,05F0287S,41,1091,9
2026/07/03 08:50,05F0055S,05F0287S,42,0,0
2026/07/03 08:50,05F0055S,05F0287S,5,0,0
2026/07/03 08:50,05F0287S,05F0309S,31,88,72
2026/07/03 08:50,05F0287S,05F0309S,32,89,26
2026/07/03 08:50,05F0287S,05F0309S,41,94,9
2026/07/03 08:50,05F0287S,05F0309S,42,0,0
2026/07/03 08:50,05F0287S,05F0309S,5,0,0
2026/07/03 08:50,05F0309S,05F0439S,31,494,42
2026/07/03 08:50,05F0309S,05F0439S,32,482,14
2026/07/03 08:50,05F0309S,05F0439S,41,547,2
2026/07/03 08:50,05F0309S,05F0439S,42,583,1
2026/07/03 08:50,05F0309S,05F0439S,5,522,6
2026/07/03 08:50,05F0439S,05F0494S,31,200,41
2026/07/03 08:50,05F0439S,05F0494S,32,212,18
2026/07/03 08:50,05F0439S,05F0494S,41,227,1
2026/07/03 08:50,05F0439S,05F0494S,42,0,0
2026/07/03 08:50,05F0439S,05F0494S,5,217,2
2026/07/03 08:55,05F0000S,05F0055S,31,263,80
2026/07/03 08:55,05F0000S,05F0055S,32,274,25
2026/07/03 08:55,05F0000S,05F0055S,41,254,13
2026/07/03 08:55,05F0000S,05F0055S,42,0,0
2026/07/03 08:55,05F0000S,05F0055S,5,0,0
2026/07/03 08:55,05F0055S,05F0287S,31,1045,91
2026/07/03 08:55,05F0055S,05F0287S,32,1052,34
2026/07/03 08:55,05F0055S,05F0287S,41,1095,5
2026/07/03 08:55,05F0055S,05F0287S,42,0,0
2026/07/03 08:55,05F0055S,05F0287S,5,0,0
2026/07/03 08:55,05F0287S,05F0309S,31,89,60
2026/07/03 08:55,05F0287S,05F0309S,32,90,26
2026/07/03 08:55,05F0287S,05F0309S,41,98,2
2026/07/03 08:55,05F0287S,05F0309S,42,0,0
2026/07/03 08:55,05F0287S,05F0309S,5,0,0
2026/07/03 08:55,05F0309S,05F0439S,31,489,44
2026/07/03 08:55,05F0309S,05F0439S,32,488,19
2026/07/03 08:55,05F0309S,05F0439S,41,525,4
2026/07/03 08:55,05F0309S,05F0439S,42,540,1
2026/07/03 08:55,05F0309S,05F0439S,5,532,6
2026/07/03 08:55,05F0439S,05F0494S,31,201,35
2026/07/03 08:55,05F0439S,05F0494S,32,207,11
2026/07/03 08:55,05F0439S,05F0494S,41,242,1
2026/07/03 08:55,05F0439S,05F0494S,42,243,1
2026/07/03 08:55,05F0439S,05F0494S,5,217,9
2026/07/03 09:00,05F0000S,05F0055S,31,259,85
2026/07/03 09:00,05F0000S,05F0055S,32,266,35
2026/07/03 09:00,05F0000S,05F0055S,41,270,7
2026/07/03 09:00,05F0000S,05F0055S,42,0,0
2026/07/03 09:00,05F0000S,05F0055S,5,0,0
2026/07/03 09:00,05F0055S,05F0287S,31,1035,88
2026/07/03 09:00,05F0055S,05F0287S,32,1036,50
2026/07/03 09:00,05F0055S,05F0287S,41,1080,7
2026/07/03 09:00,05F0055S,05F0287S,42,0,0
2026/07/03 09:00,05F0055S,05F0287S,5,0,0
2026/07/03 09:00,05F0287S,05F0309S,31,87,66
2026/07/03 09:00,05F0287S,05F0309S,32,89,37
2026/07/03 09:00,05F0287S,05F0309S,41,94,4
2026/07/03 09:00,05F0287S,05F0309S,42,0,0
2026/07/03 09:00,05F0287S,05F0309S,5,0,0
2026/07/03 09:00,05F0309S,05F0439S,31,479,52
2026/07/03 09:00,05F0309S,05F0439S,32,505,16
2026/07/03 09:00,05F0309S,05F0439S,41,522,4
2026/07/03 09:00,05F0309S,05F0439S,42,553,2
2026/07/03 09:00,05F0309S,05F0439S,5,495,2
2026/07/03 09:00,05F0439S,05F0494S,31,205,26
2026/07/03 09:00,05F0439S,05F0494S,32,216,9
2026/07/03 09:00,05F0439S,05F0494S,41,0,0
2026/07/03 09:00,05F0439S,05F0494S,42,221,1
2026/07/03 09:00,05F0439S,05F0494S,5,210,5
2026/07/03 09:05,05F0000S,05F0055S,31,267,108
2026/07/03 09:05,05F0000S,05F0055S,32,269,31
2026/07/03 09:05,05F0000S,05F0055S,41,262,8
2026/07/03 09:05,05F0000S,05F0055S,42,0,0
2026/07/03 09:05,05F0000S,05F0055S,5,0,0
2026/07/03 09:05,05F0055S,05F0287S,31,1021,109
2026/07/03 09:05,05F0055S,05F0287S,32,1025,35
2026/07/03 09:05,05F0055S,05F0287S,41,1082,7
2026/07/03 09:05,05F0055S,05F0287S,42,0,0
2026/07/03 09:05,05F0055S,05F0287S,5,0,0
2026/07/03 09:05,05F0287S,05F0309S,31,91,87
2026/07/03 09:05,05F0287S,05F0309S,32,91,27
2026/07/03 09:05,05F0287S,05F0309S,41,92,7
2026/07/03 09:05,05F0287S,05F0309S,42,0,0
2026/07/03 09:05,05F0287S,05F0309S,5,0,0
2026/07/03 09:05,05F0309S,05F0439S,31,489,49
2026/07/03 09:05,05F0309S,05F0439S,32,495,21
2026/07/03 09:05,05F0309S,05F0439S,41,525,2
2026/07/03 09:05,05F0309S,05F0439S,42,0,0
2026/07/03 09:05,05F0309S,05F0439S,5,504,2
2026/07/03 09:05,05F0439S,05F0494S,31,216,35
2026/07/03 09:05,05F0439S,05F0494S,32,223,13
2026/07/03 09:05,05F0439S,05F0494S,41,0,0
2026/07/03 09:05,05F0439S,05F0494S,42,0,0
2026/07/03 09:05,05F0439S,05F0494S,5,214,1
2026/07/03 09:10,05F0000S,05F0055S,31,261,76
2026/07/03 09:10,05F0000S,05F0055S,32,262,32
2026/07/03 09:10,05F0000S,05F0055S,41,272,1
2026/07/03 09:10,05F0000S,05F0055S,42,0,0
2026/07/03 09:10,05F0000S,05F0055S,5,0,0
2026/07/03 09:10,05F0055S,05F0287S,31,1020,67
2026/07/03 09:10,05F0055S,05F0287S,32,1024,17
2026/07/03 09:10,05F0055S,05F0287S,41,1136,15
2026/07/03 09:10,05F0055S,05F0287S,42,0,0
2026/07/03 09:10,05F0055S,05F0287S,5,0,0
2026/07/03 09:10,05F0287S,05F0309S,31,91,68
2026/07/03 09:10,05F0287S,05F0309S,32,89,18
2026/07/03 09:10,05F0287S,05F0309S,41,95,6
2026/07/03 09:10,05F0287S,05F0309S,42,0,0
2026/07/03 09:10,05F0287S,05F0309S,5,0,0
2026/07/03 09:10,05F0309S,05F0439S,31,499,56
2026/07/03 09:10,05F0309S,05F0439S,32,499,29
2026/07/03 09:10,05F0309S,05F0439S,41,532,3
2026/07/03 09:10,05F0309S,05F0439S,42,0,0
2026/07/03 09:10,05F0309S,05F0439S,5,562,1
2026/07/03 09:10,05F0439S,05F0494S,31,202,27
2026/07/03 09:10,05F0439S,05F0494S,32,206,19
2026/07/03 09:10,05F0439S,05F0494S,41,227,1
2026/07/03 09:10,05F0439S,05F0494S,42,0,0
2026/07/03 09:10,05F0439S,05F0494S,5,204,1
2026/07/03 09:15,05F0000S,05F0055S,31,267,100
2026/07/03 09:15,05F0000S,05F0055S,32,271,26
2026/07/03 09:15,05F0000S,05F0055S,41,278,7
2026/07/03 09:15,05F0000S,05F0055S,42,0,0
2026/07/03 09:15,05F0000S,05F0055S,5,0,0
2026/07/03 09:15,05F0055S,05F0287S,31,1101,117
2026/07/03 09:15,05F0055S,05F0287S,32,1105,38
2026/07/03 09:15,05F0055S,05F0287S,41,1118,11
2026/07/03 09:15,05F0055S,05F0287S,42,0,0
2026/07/03 09:15,05F0055S,05F0287S,5,0,0
2026/07/03 09:15,05F0287S,05F0309S,31,88,67
2026/07/03 09:15,05F0287S,05F0309S,32,90,22
2026/07/03 09:15,05F0287S,05F0309S,41,94,16
2026/07/03 09:15,05F0287S,05F0309S,42,0,0
2026/07/03 09:15,05F0287S,05F0309S,5,0,0
2026/07/03 09:15,05F0309S,05F0439S,31,489,74
2026/07/03 09:15,05F0309S,05F0439S,32,502,14
2026/07/03 09:15,05F0309S,05F0439S,41,534,5
2026/07/03 09:15,05F0309S,05F0439S,42,0,0
2026/07/03 09:15,05F0309S,05F0439S,5,0,0
2026/07/03 09:15,05F0439S,05F0494S,31,208,38
2026/07/03 09:15,05F0439S,05F0494S,32,201,13
2026/07/03 09:15,05F0439S,05F0494S,41,226,1
2026/07/03 09:15,05F0439S,05F0494S,42,254,1
2026/07/03 09:15,05F0439S,05F0494S,5,231,2
2026/07/03 09:20,05F0000S,05F0055S,31,290,124
2026/07/03 09:20,05F0000S,05F0055S,32,293,39
2026/07/03 09:20,05F0000S,05F0055S,41,295,10
2026/07/03 09:20,05F0000S,05F0055S,42,0,0
2026/07/03 09:20,05F0000S,05F0055S,5,0,0
2026/07/03 09:20,05F0055S,05F0287S,31,1086,105
2026/07/03 09:20,05F0055S,05F0287S,32,1092,44
2026/07/03 09:20,05F0055S,05F0287S,41,1131,7
2026/07/03 09:20,05F0055S,05F0287S,42,0,0
2026/07/03 09:20,05F0055S,05F0287S,5,0,0
2026/07/03 09:20,05F0287S,05F0309S,31,89,86
2026/07/03 09:20,05F0287S,05F0309S,32,91,39
2026/07/03 09:20,05F0287S,05F0309S,41,96,7
2026/07/03 09:20,05F0287S,05F0309S,42,0,0
2026/07/03 09:20,05F0287S,05F0309S,5,0,0
2026/07/03 09:20,05F0309S,05F0439S,31,492,39
2026/07/03 09:20,05F0309S,05F0439S,32,487,13
2026/07/03 09:20,05F0309S,05F0439S,41,533,8
2026/07/03 09:20,05F0309S,05F0439S,42,521,2
2026/07/03 09:20,05F0309S,05F0439S,5,535,2
2026/07/03 09:20,05F0439S,05F0494S,31,205,32
2026/07/03 09:20,05F0439S,05F0494S,32,222,11
2026/07/03 09:20,05F0439S,05F0494S,41,218,1
2026/07/03 09:20,05F0439S,05F0494S,42,0,0
2026/07/03 09:20,05F0439S,05F0494S,5,0,0
2026/07/03 09:25,05F0000S,05F0055S,31,302,124
2026/07/03 09:25,05F0000S,05F0055S,32,306,48
2026/07/03 09:25,05F0000S,05F0055S,41,298,7
2026/07/03 09:25,05F0000S,05F0055S,42,0,0
2026/07/03 09:25,05F0000S,05F0055S,5,0,0
2026/07/03 09:25,05F0055S,05F0287S,31,1120,131
2026/07/03 09:25,05F0055S,05F0287S,32,1124,42
2026/07/03 09:25,05F0055S,05F0287S,41,1157,8
2026/07/03 09:25,05F0055S,05F0287S,42,0,0
2026/07/03 09:25,05F0055S,05F0287S,5,0,0
2026/07/03 09:25,05F0287S,05F0309S,31,89,93
2026/07/03 09:25,05F0287S,05F0309S,32,89,35
2026/07/03 09:25,05F0287S,05F0309S,41,95,7
2026/07/03 09:25,05F0287S,05F0309S,42,100,1
2026/07/03 09:25,05F0287S,05F0309S,5,0,0
2026/07/03 09:25,05F0309S,05F0439S,31,482,67
2026/07/03 09:25,05F0309S,05F0439S,32,505,17
2026/07/03 09:25,05F0309S,05F0439S,41,505,7
2026/07/03 09:25,05F0309S,05F0439S,42,597,2
2026/07/03 09:25,05F0309S,05F0439S,5,554,3
2026/07/03 09:25,05F0439S,05F0494S,31,206,28
2026/07/03 09:25,05F0439S,05F0494S,32,199,8
2026/07/03 09:25,05F0439S,05F0494S,41,231,2
2026/07/03 09:25,05F0439S,05F0494S,42,0,0
2026/07/03 09:25,05F0439S,05F0494S,5,223,3
2026/07/03 09:30,05F0000S,05F0055S,31,281,124
2026/07/03 09:30,05F0000S,05F0055S,32,288,51
2026/07/03 09:30,05F0000S,05F0055S,41,292,9
2026/07/03 09:30,05F0000S,05F0055S,42,0,0
2026/07/03 09:30,05F0000S,05F0055S,5,0,0
2026/07/03 09:30,05F0055S,05F0287S,31,1038,119
2026/07/03 09:30,05F0055S,05F0287S,32,1092,38
2026/07/03 09:30,05F0055S,05F0287S,41,1055,4
2026/07/03 09:30,05F0055S,05F0287S,42,0,0
2026/07/03 09:30,05F0055S,05F0287S,5,0,0
2026/07/03 09:30,05F0287S,05F0309S,31,89,104
2026/07/03 09:30,05F0287S,05F0309S,32,90,41
2026/07/03 09:30,05F0287S,05F0309S,41,97,2
2026/07/03 09:30,05F0287S,05F0309S,42,0,0
2026/07/03 09:30,05F0287S,05F0309S,5,0,0
2026/07/03 09:30,05F0309S,05F0439S,31,488,53
2026/07/03 09:30,05F0309S,05F0439S,32,508,29
2026/07/03 09:30,05F0309S,05F0439S,41,522,4
2026/07/03 09:30,05F0309S,05F0439S,42,533,2
2026/07/03 09:30,05F0309S,05F0439S,5,531,3
2026/07/03 09:30,05F0439S,05F0494S,31,202,26
2026/07/03 09:30,05F0439S,05F0494S,32,211,13
2026/07/03 09:30,05F0439S,05F0494S,41,216,2
2026/07/03 09:30,05F0439S,05F0494S,42,256,1
2026/07/03 09:30,05F0439S,05F0494S,5,221,3
2026/07/03 09:35,05F0000S,05F0055S,31,276,116
2026/07/03 09:35,05F0000S,05F0055S,32,277,39
2026/07/03 09:35,05F0000S,05F0055S,41,285,7
2026/07/03 09:35,05F0000S,05F0055S,42,0,0
2026/07/03 09:35,05F0000S,05F0055S,5,0,0
2026/07/03 09:35,05F0055S,05F0287S,31,1090,113
2026/07/03 09:35,05F0055S,05F0287S,32,1086,30
2026/07/03 09:35,05F0055S,05F0287S,41,1185,7
2026/07/03 09:35,05F0055S,05F0287S,42,0,0
2026/07/03 09:35,05F0055S,05F0287S,5,0,0
2026/07/03 09:35,05F0287S,05F0309S,31,87,68
2026/07/03 09:35,05F0287S,05F0309S,32,91,22
2026/07/03 09:35,05F0287S,05F0309S,41,96,7
2026/07/03 09:35,05F0287S,05F0309S,42,0,0
2026/07/03 09:35,05F0287S,05F0309S,5,0,0
2026/07/03 09:35,05F0309S,05F0439S,31,506,70
2026/07/03 09:35,05F0309S,05F0439S,32,498,26
2026/07/03 09:35,05F0309S,05F0439S,41,529,4
2026/07/03 09:35,05F0309S,05F0439S,42,566,3
2026/07/03 09:35,05F0309S,05F0439S,5,524,3
2026/07/03 09:35,05F0439S,05F0494S,31,203,25
2026/07/03 09:35,05F0439S,05F0494S,32,205,15
2026/07/03 09:35,05F0439S,05F0494S,41,220,1
2026/07/03 09:35,05F0439S,05F0494S,42,0,0
2026/07/03 09:35,05F0439S,05F0494S,5,206,2
2026/07/03 09:40,05F0000S,05F0055S,31,303,110
2026/07/03 09:40,05F0000S,05F0055S,32,302,47
2026/07/03 09:40,05F0000S,05F0055S,41,300,3
2026/07/03 09:40,05F0000S,05F0055S,42,0,0
2026/07/03 09:40,05F0000S,05F0055S,5,0,0
2026/07/03 09:40,05F0055S,05F0287S,31,1161,136
2026/07/03 09:40,05F0055S,05F0287S,32,1167,46
2026/07/03 09:40,05F0055S,05F0287S,41,1191,10
2026/07/03 09:40,05F0055S,05F0287S,42,0,0
2026/07/03 09:40,05F0055S,05F0287S,5,0,0
2026/07/03 09:40,05F0287S,05F0309S,31,91,107
2026/07/03 09:40,05F0287S,05F0309S,32,95,30
2026/07/03 09:40,05F0287S,05F0309S,41,95,11
2026/07/03 09:40,05F0287S,05F0309S,42,0,0
2026/07/03 09:40,05F0287S,05F0309S,5,0,0
2026/07/03 09:40,05F0309S,05F0439S,31,480,70
2026/07/03 09:40,05F0309S,05F0439S,32,509,22
2026/07/03 09:40,05F0309S,05F0439S,41,504,1
2026/07/03 09:40,05F0309S,05F0439S,42,543,2
2026/07/03 09:40,05F0309S,05F0439S,5,0,0
2026/07/03 09:40,05F0439S,05F0494S,31,207,51
2026/07/03 09:40,05F0439S,05F0494S,32,214,13
2026/07/03 09:40,05F0439S,05F0494S,41,0,0
2026/07/03 09:40,05F0439S,05F0494S,42,223,2
2026/07/03 09:40,05F0439S,05F0494S,5,227,2
2026/07/03 09:45,05F0000S,05F0055S,31,311,116
2026/07/03 09:45,05F0000S,05F0055S,32,311,45
2026/07/03 09:45,05F0000S,05F0055S,41,322,1
2026/07/03 09:45,05F0000S,05F0055S,42,0,0
2026/07/03 09:45,05F0000S,05F0055S,5,0,0
2026/07/03 09:45,05F0055S,05F0287S,31,1169,140
2026/07/03 09:45,05F0055S,05F0287S,32,1171,43
2026/07/03 09:45,05F0055S,05F0287S,41,1191,7
2026/07/03 09:45,05F0055S,05F0287S,42,0,0
2026/07/03 09:45,05F0055S,05F0287S,5,0,0
2026/07/03 09:45,05F0287S,05F0309S,31,88,101
2026/07/03 09:45,05F0287S,05F0309S,32,89,38
2026/07/03 09:45,05F0287S,05F0309S,41,95,5
2026/07/03 09:45,05F0287S,05F0309S,42,0,0
2026/07/03 09:45,05F0287S,05F0309S,5,0,0
2026/07/03 09:45,05F0309S,05F0439S,31,482,72
2026/07/03 09:45,05F0309S,05F0439S,32,509,16
2026/07/03 09:45,05F0309S,05F0439S,41,526,6
2026/07/03 09:45,05F0309S,05F0439S,42,535,3
2026/07/03 09:45,05F0309S,05F0439S,5,500,2
2026/07/03 09:45,05F0439S,05F0494S,31,203,34
2026/07/03 09:45,05F0439S,05F0494S,32,214,9
2026/07/03 09:45,05F0439S,05F0494S,41,227,3
2026/07/03 09:45,05F0439S,05F0494S,42,0,0
2026/07/03 09:45,05F0439S,05F0494S,5,219,3
2026/07/03 09:50,05F0000S,05F0055S,31,288,120
2026/07/03 09:50,05F0000S,05F0055S,32,289,47
2026/07/03 09:50,05F0000S,05F0055S,41,290,2
2026/07/03 09:50,05F0000S,05F0055S,42,0,0
2026/07/03 09:50,05F0000S,05F0055S,5,0,0
2026/07/03 09:50,05F0055S,05F0287S,31,1201,146
2026/07/03 09:50,05F0055S,05F0287S,32,1205,56
2026/07/03 09:50,05F0055S,05F0287S,41,1229,8
2026/07/03 09:50,05F0055S,05F0287S,42,0,0
2026/07/03 09:50,05F0055S,05F0287S,5,0,0
2026/07/03 09:50,05F0287S,05F0309S,31,91,98
2026/07/03 09:50,05F0287S,05F0309S,32,94,42
2026/07/03 09:50,05F0287S,05F0309S,41,93,5
2026/07/03 09:50,05F0287S,05F0309S,42,0,0
2026/07/03 09:50,05F0287S,05F0309S,5,0,0
2026/07/03 09:50,05F0309S,05F0439S,31,486,72
2026/07/03 09:50,05F0309S,05F0439S,32,479,17
2026/07/03 09:50,05F0309S,05F0439S,41,529,5
2026/07/03 09:50,05F0309S,05F0439S,42,530,2
2026/07/03 09:50,05F0309S,05F0439S,5,521,6
2026/07/03 09:50,05F0439S,05F0494S,31,199,35
2026/07/03 09:50,05F0439S,05F0494S,32,203,11
2026/07/03 09:50,05F0439S,05F0494S,41,0,0
2026/07/03 09:50,05F0439S,05F0494S,42,236,1
2026/07/03 09:50,05F0439S,05F0494S,5,210,2
2026/07/03 09:55,05F0000S,05F0055S,31,302,136
2026/07/03 09:55,05F0000S,05F0055S,32,299,32
2026/07/03 09:55,05F0000S,05F0055S,41,307,5
2026/07/03 09:55,05F0000S,05F0055S,42,0,0
2026/07/03 09:55,05F0000S,05F0055S,5,0,0
2026/07/03 09:55,05F0055S,05F0287S,31,1229,135
2026/07/03 09:55,05F0055S,05F0287S,32,1233,50
2026/07/03 09:55,05F0055S,05F0287S,41,1217,8
2026/07/03 09:55,05F0055S,05F0287S,42,0,0
2026/07/03 09:55,05F0055S,05F0287S,5,0,0
2026/07/03 09:55,05F0287S,05F0309S,31,91,111
2026/07/03 09:55,05F0287S,05F0309S,32,94,41
2026/07/03 09:55,05F0287S,05F0309S,41,95,7
2026/07/03 09:55,05F0287S,05F0309S,42,0,0
2026/07/03 09:55,05F0287S,05F0309S,5,0,0
2026/07/03 09:55,05F0309S,05F0439S,31,476,66
2026/07/03 09:55,05F0309S,05F0439S,32,484,22
2026/07/03 09:55,05F0309S,05F0439S,41,544,2
2026/07/03 09:55,05F0309S,05F0439S,42,0,0
2026/07/03 09:55,05F0309S,05F0439S,5,512,1
2026/07/03 09:55,05F0439S,05F0494S,31,204,44
2026/07/03 09:55,05F0439S,05F0494S,32,204,7
2026/07/03 09:55,05F0439S,05F0494S,41,223,2
2026/07/03 09:55,05F0439S,05F0494S,42,228,2
2026/07/03 09:55,05F0439S,05F0494S,5,209,6
2026/07/03 10:00,05F0000S,05F0055S,31,316,137
2026/07/03 10:00,05F0000S,05F0055S,32,317,42
2026/07/03 10:00,05F0000S,05F0055S,41,293,6
2026/07/03 10:00,05F0000S,05F0055S,42,0,0
2026/07/03 10:00,05F0000S,05F0055S,5,0,0
2026/07/03 10:00,05F0055S,05F0287S,31,1247,133
2026/07/03 10:00,05F0055S,05F0287S,32,1250,47
2026/07/03 10:00,05F0055S,05F0287S,41,1235,2
2026/07/03 10:00,05F0055S,05F0287S,42,0,0
2026/07/03 10:00,05F0055S,05F0287S,5,0,0
2026/07/03 10:00,05F0287S,05F0309S,31,90,88
2026/07/03 10:00,05F0287S,05F0309S,32,91,41
2026/07/03 10:00,05F0287S,05F0309S,41,92,2
2026/07/03 10:00,05F0287S,05F0309S,42,0,0
2026/07/03 10:00,05F0287S,05F0309S,5,0,0
2026/07/03 10:00,05F0309S,05F0439S,31,493,86
2026/07/03 10:00,05F0309S,05F0439S,32,513,34
2026/07/03 10:00,05F0309S,05F0439S,41,531,4
2026/07/03 10:00,05F0309S,05F0439S,42,546,2
2026/07/03 10:00,05F0309S,05F0439S,5,526,4
2026/07/03 10:00,05F0439S,05F0494S,31,205,40
2026/07/03 10:00,05F0439S,05F0494S,32,203,16
2026/07/03 10:00,05F0439S,05F0494S,41,0,0
2026/07/03 10:00,05F0439S,05F0494S,42,0,0
2026/07/03 10:00,05F0439S,05F0494S,5,207,1
2026/07/03 10:05,05F0000S,05F0055S,31,307,139
2026/07/03 10:05,05F0000S,05F0055S,32,307,50
2026/07/03 10:05,05F0000S,05F0055S,41,292,5
2026/07/03 10:05,05F0000S,05F0055S,42,0,0
2026/07/03 10:05,05F0000S,05F0055S,5,0,0
2026/07/03 10:05,05F0055S,05F0287S,31,1289,132
2026/07/03 10:05,05F0055S,05F0287S,32,1275,60
2026/07/03 10:05,05F0055S,05F0287S,41,1288,4
2026/07/03 10:05,05F0055S,05F0287S,42,0,0
2026/07/03 10:05,05F0055S,05F0287S,5,0,0
2026/07/03 10:05,05F0287S,05F0309S,31,90,82
2026/07/03 10:05,05F0287S,05F0309S,32,89,43
2026/07/03 10:05,05F0287S,05F0309S,41,98,2
2026/07/03 10:05,05F0287S,05F0309S,42,0,0
2026/07/03 10:05,05F0287S,05F0309S,5,0,0
2026/07/03 10:05,05F0309S,05F0439S,31,490,63
2026/07/03 10:05,05F0309S,05F0439S,32,501,25
2026/07/03 10:05,05F0309S,05F0439S,41,533,4
2026/07/03 10:05,05F0309S,05F0439S,42,558,1
2026/07/03 10:05,05F0309S,05F0439S,5,514,2
2026/07/03 10:05,05F0439S,05F0494S,31,206,49
2026/07/03 10:05,05F0439S,05F0494S,32,211,19
2026/07/03 10:05,05F0439S,05F0494S,41,0,0
2026/07/03 10:05,05F0439S,05F0494S,42,0,0
2026/07/03 10:05,05F0439S,05F0494S,5,223,4
2026/07/03 10:10,05F0000S,05F0055S,31,316,137
2026/07/03 10:10,05F0000S,05F0055S,32,316,36
2026/07/03 10:10,05F0000S,05F0055S,41,311,8
2026/07/03 10:10,05F0000S,05F0055S,42,0,0
2026/07/03 10:10,05F0000S,05F0055S,5,0,0
2026/07/03 10:10,05F0055S,05F0287S,31,1275,170
2026/07/03 10:10,05F0055S,05F0287S,32,1275,56
2026/07/03 10:10,05F0055S,05F0287S,41,1387,2
2026/07/03 10:10,05F0055S,05F0287S,42,0,0
2026/07/03 10:10,05F0055S,05F0287S,5,0,0
2026/07/03 10:10,05F0287S,05F0309S,31,92,115
2026/07/03 10:10,05F0287S,05F0309S,32,93,48
2026/07/03 10:10,05F0287S,05F0309S,41,0,0
2026/07/03 10:10,05F0287S,05F0309S,42,0,0
2026/07/03 10:10,05F0287S,05F0309S,5,0,0
2026/07/03 10:10,05F0309S,05F0439S,31,484,52
2026/07/03 10:10,05F0309S,05F0439S,32,479,25
2026/07/03 10:10,05F0309S,05F0439S,41,494,1
2026/07/03 10:10,05F0309S,05F0439S,42,564,1
2026/07/03 10:10,05F0309S,05F0439S,5,492,7
2026/07/03 10:10,05F0439S,05F0494S,31,209,42
2026/07/03 10:10,05F0439S,05F0494S,32,207,21
2026/07/03 10:10,05F0439S,05F0494S,41,234,3
2026/07/03 10:10,05F0439S,05F0494S,42,221,2
2026/07/03 10:10,05F0439S,05F0494S,5,212,5
2026/07/03 10:15,05F0000S,05F0055S,31,365,133
2026/07/03 10:15,05F0000S,05F0055S,32,367,40
2026/07/03 10:15,05F0000S,05F0055S,41,371,6
2026/07/03 10:15,05F0000S,05F0055S,42,0,0
2026/07/03 10:15,05F0000S,05F0055S,5,0,0
2026/07/03 10:15,05F0055S,05F0287S,31,1258,175
2026/07/03 10:15,05F0055S,05F0287S,32,1257,46
2026/07/03 10:15,05F0055S,05F0287S,41,1254,5
2026/07/03 10:15,05F0055S,05F0287S,42,0,0
2026/07/03 10:15,05F0055S,05F0287S,5,0,0
2026/07/03 10:15,05F0287S,05F0309S,31,90,127
2026/07/03 10:15,05F0287S,05F0309S,32,90,35
2026/07/03 10:15,05F0287S,05F0309S,41,93,4
2026/07/03 10:15,05F0287S,05F0309S,42,0,0
2026/07/03 10:15,05F0287S,05F0309S,5,0,0
2026/07/03 10:15,05F0309S,05F0439S,31,489,61
2026/07/03 10:15,05F0309S,05F0439S,32,491,32
2026/07/03 10:15,05F0309S,05F0439S,41,532,2
2026/07/03 10:15,05F0309S,05F0439S,42,0,0
2026/07/03 10:15,05F0309S,05F0439S,5,523,6
2026/07/03 10:15,05F0439S,05F0494S,31,202,26
2026/07/03 10:15,05F0439S,05F0494S,32,197,18
2026/07/03 10:15,05F0439S,05F0494S,41,203,1
2026/07/03 10:15,05F0439S,05F0494S,42,235,1
2026/07/03 10:15,05F0439S,05F0494S,5,218,7
2026/07/03 10:20,05F0000S,05F0055S,31,415,123
2026/07/03 10:20,05F0000S,05F0055S,32,417,42
2026/07/03 10:20,05F0000S,05F0055S,41,412,5
2026/07/03 10:20,05F0000S,05F0055S,42,0,0
2026/07/03 10:20,05F0000S,05F0055S,5,0,0
2026/07/03 10:20,05F0055S,05F0287S,31,1246,146
2026/07/03 10:20,05F0055S,05F0287S,32,1249,57
2026/07/03 10:20,05F0055S,05F0287S,41,1218,11
2026/07/03 10:20,05F0055S,05F0287S,42,0,0
2026/07/03 10:20,05F0055S,05F0287S,5,0,0
2026/07/03 10:20,05F0287S,05F0309S,31,91,111
2026/07/03 10:20,05F0287S,05F0309S,32,94,36
2026/07/03 10:20,05F0287S,05F0309S,41,100,6
2026/07/03 10:20,05F0287S,05F0309S,42,0,0
2026/07/03 10:20,05F0287S,05F0309S,5,0,0
2026/07/03 10:20,05F0309S,05F0439S,31,496,71
2026/07/03 10:20,05F0309S,05F0439S,32,492,28
2026/07/03 10:20,05F0309S,05F0439S,41,525,1
2026/07/03 10:20,05F0309S,05F0439S,42,599,1
2026/07/03 10:20,05F0309S,05F0439S,5,518,6
2026/07/03 10:20,05F0439S,05F0494S,31,204,40
2026/07/03 10:20,05F0439S,05F0494S,32,212,15
2026/07/03 10:20,05F0439S,05F0494S,41,0,0
2026/07/03 10:20,05F0439S,05F0494S,42,0,0
2026/07/03 10:20,05F0439S,05F0494S,5,218,6
2026/07/03 10:25,05F0000S,05F0055S,31,461,134
2026/07/03 10:25,05F0000S,05F0055S,32,459,32
2026/07/03 10:25,05F0000S,05F0055S,41,489,7
2026/07/03 10:25,05F0000S,05F0055S,42,0,0
2026/07/03 10:25,05F0000S,05F0055S,5,0,0
2026/07/03 10:25,05F0055S,05F0287S,31,1281,165
2026/07/03 10:25,05F0055S,05F0287S,32,1287,42
2026/07/03 10:25,05F0055S,05F0287S,41,1256,5
2026/07/03 10:25,05F0055S,05F0287S,42,0,0
2026/07/03 10:25,05F0055S,05F0287S,5,0,0
2026/07/03 10:25,05F0287S,05F0309S,31,90,113
2026/07/03 10:25,05F0287S,05F0309S,32,94,33
2026/07/03 10:25,05F0287S,05F0309S,41,95,6
2026/07/03 10:25,05F0287S,05F0309S,42,0,0
2026/07/03 10:25,05F0287S,05F0309S,5,0,0
2026/07/03 10:25,05F0309S,05F0439S,31,485,75
2026/07/03 10:25,05F0309S,05F0439S,32,487,19
2026/07/03 10:25,05F0309S,05F0439S,41,529,2
2026/07/03 10:25,05F0309S,05F0439S,42,0,0
2026/07/03 10:25,05F0309S,05F0439S,5,485,2
2026/07/03 10:25,05F0439S,05F0494S,31,211,30
2026/07/03 10:25,05F0439S,05F0494S,32,216,16
2026/07/03 10:25,05F0439S,05F0494S,41,0,0
2026/07/03 10:25,05F0439S,05F0494S,42,0,0
2026/07/03 10:25,05F0439S,05F0494S,5,208,5
2026/07/03 10:30,05F0000S,05F0055S,31,504,131
2026/07/03 10:30,05F0000S,05F0055S,32,501,39
2026/07/03 10:30,05F0000S,05F0055S,41,483,7
2026/07/03 10:30,05F0000S,05F0055S,42,0,0
2026/07/03 10:30,05F0000S,05F0055S,5,0,0
2026/07/03 10:30,05F0055S,05F0287S,31,1284,152
2026/07/03 10:30,05F0055S,05F0287S,32,1288,51
2026/07/03 10:30,05F0055S,05F0287S,41,1273,5
2026/07/03 10:30,05F0055S,05F0287S,42,0,0
2026/07/03 10:30,05F0055S,05F0287S,5,0,0
2026/07/03 10:30,05F0287S,05F0309S,31,93,114
2026/07/03 10:30,05F0287S,05F0309S,32,96,40
2026/07/03 10:30,05F0287S,05F0309S,41,97,4
2026/07/03 10:30,05F0287S,05F0309S,42,0,0
2026/07/03 10:30,05F0287S,05F0309S,5,0,0
2026/07/03 10:30,05F0309S,05F0439S,31,501,64
2026/07/03 10:30,05F0309S,05F0439S,32,500,29
2026/07/03 10:30,05F0309S,05F0439S,41,533,6
2026/07/03 10:30,05F0309S,05F0439S,42,548,2
2026/07/03 10:30,05F0309S,05F0439S,5,563,2
2026/07/03 10:30,05F0439S,05F0494S,31,208,42
2026/07/03 10:30,05F0439S,05F0494S,32,206,10
2026/07/03 10:30,05F0439S,05F0494S,41,0,0
2026/07/03 10:30,05F0439S,05F0494S,42,199,1
2026/07/03 10:30,05F0439S,05F0494S,5,199,2
2026/07/03 10:35,05F0000S,05F0055S,31,544,134
2026/07/03 10:35,05F0000S,05F0055S,32,535,40
2026/07/03 10:35,05F0000S,05F0055S,41,523,5
2026/07/03 10:35,05F0000S,05F0055S,42,534,1
2026/07/03 10:35,05F0000S,05F0055S,5,0,0
2026/07/03 10:35,05F0055S,05F0287S,31,1311,156
2026/07/03 10:35,05F0055S,05F0287S,32,1302,49
2026/07/03 10:35,05F0055S,05F0287S,41,1308,6
2026/07/03 10:35,05F0055S,05F0287S,42,0,0
2026/07/03 10:35,05F0055S,05F0287S,5,0,0
2026/07/03 10:35,05F0287S,05F0309S,31,92,112
2026/07/03 10:35,05F0287S,05F0309S,32,93,35
2026/07/03 10:35,05F0287S,05F0309S,41,97,4
2026/07/03 10:35,05F0287S,05F0309S,42,0,0
2026/07/03 10:35,05F0287S,05F0309S,5,0,0
2026/07/03 10:35,05F0309S,05F0439S,31,503,88
2026/07/03 10:35,05F0309S,05F0439S,32,520,27
2026/07/03 10:35,05F0309S,05F0439S,41,549,2
2026/07/03 10:35,05F0309S,05F0439S,42,560,2
2026/07/03 10:35,05F0309S,05F0439S,5,568,6
2026/07/03 10:35,05F0439S,05F0494S,31,210,46
2026/07/03 10:35,05F0439S,05F0494S,32,218,13
2026/07/03 10:35,05F0439S,05F0494S,41,225,1
2026/07/03 10:35,05F0439S,05F0494S,42,0,0
2026/07/03 10:35,05F0439S,05F0494S,5,212,5
2026/07/03 10:40,05F0000S,05F0055S,31,586,134
2026/07/03 10:40,05F0000S,05F0055S,32,576,39
2026/07/03 10:40,05F0000S,05F0055S,41,552,4
2026/07/03 10:40,05F0000S,05F0055S,42,724,1
2026/07/03 10:40,05F0000S,05F0055S,5,0,0
2026/07/03 10:40,05F0055S,05F0287S,31,1313,156
2026/07/03 10:40,05F0055S,05F0287S,32,1312,44
2026/07/03 10:40,05F0055S,05F0287S,41,1307,5
2026/07/03 10:40,05F0055S,05F0287S,42,0,0
2026/07/03 10:40,05F0055S,05F0287S,5,0,0
2026/07/03 10:40,05F0287S,05F0309S,31,90,118
2026/07/03 10:40,05F0287S,05F0309S,32,90,37
2026/07/03 10:40,05F0287S,05F0309S,41,95,5
2026/07/03 10:40,05F0287S,05F0309S,42,0,0
2026/07/03 10:40,05F0287S,05F0309S,5,0,0
2026/07/03 10:40,05F0309S,05F0439S,31,507,74
2026/07/03 10:40,05F0309S,05F0439S,32,507,22
2026/07/03 10:40,05F0309S,05F0439S,41,551,3
2026/07/03 10:40,05F0309S,05F0439S,42,534,2
2026/07/03 10:40,05F0309S,05F0439S,5,512,8
2026/07/03 10:40,05F0439S,05F0494S,31,209,40
2026/07/03 10:40,05F0439S,05F0494S,32,219,14
2026/07/03 10:40,05F0439S,05F0494S,41,0,0
2026/07/03 10:40,05F0439S,05F0494S,42,246,1
2026/07/03 10:40,05F0439S,05F0494S,5,227,6
2026/07/03 10:45,05F0000S,05F0055S,31,606,143
2026/07/03 10:45,05F0000S,05F0055S,32,607,38
2026/07/03 10:45,05F0000S,05F0055S,41,572,6
2026/07/03 10:45,05F0000S,05F0055S,42,0,0
2026/07/03 10:45,05F0000S,05F0055S,5,0,0
2026/07/03 10:45,05F0055S,05F0287S,31,1319,152
2026/07/03 10:45,05F0055S,05F0287S,32,1321,44
2026/07/03 10:45,05F0055S,05F0287S,41,1329,6
2026/07/03 10:45,05F0055S,05F0287S,42,0,0
2026/07/03 10:45,05F0055S,05F0287S,5,0,0
2026/07/03 10:45,05F0287S,05F0309S,31,91,109
2026/07/03 10:45,05F0287S,05F0309S,32,90,32
2026/07/03 10:45,05F0287S,05F0309S,41,100,6
2026/07/03 10:45,05F0287S,05F0309S,42,0,0
2026/07/03 10:45,05F0287S,05F0309S,5,0,0
2026/07/03 10:45,05F0309S,05F0439S,31,494,74
2026/07/03 10:45,05F0309S,05F0439S,32,494,22
2026/07/03 10:45,05F0309S,05F0439S,41,496,4
2026/07/03 10:45,05F0309S,05F0439S,42,574,1
2026/07/03 10:45,05F0309S,05F0439S,5,528,4
2026/07/03 10:45,05F0439S,05F0494S,31,208,37
2026/07/03 10:45,05F0439S,05F0494S,32,218,8
2026/07/03 10:45,05F0439S,05F0494S,41,222,1
2026/07/03 10:45,05F0439S,05F0494S,42,219,2
2026/07/03 10:45,05F0439S,05F0494S,5,214,6
2026/07/03 10:50,05F0000S,05F0055S,31,641,127
2026/07/03 10:50,05F0000S,05F0055S,32,656,48
2026/07/03 10:50,05F0000S,05F0055S,41,559,3
2026/07/03 10:50,05F0000S,05F0055S,42,0,0
2026/07/03 10:50,05F0000S,05F0055S,5,0,0
2026/07/03 10:50,05F0055S,05F0287S,31,1339,143
2026/07/03 10:50,05F0055S,05F0287S,32,1335,51
2026/07/03 10:50,05F0055S,05F0287S,41,1364,8
2026/07/03 10:50,05F0055S,05F0287S,42,0,0
2026/07/03 10:50,05F0055S,05F0287S,5,0,0
2026/07/03 10:50,05F0287S,05F0309S,31,91,99
2026/07/03 10:50,05F0287S,05F0309S,32,91,38
2026/07/03 10:50,05F0287S,05F0309S,41,91,3
2026/07/03 10:50,05F0287S,05F0309S,42,0,0
2026/07/03 10:50,05F0287S,05F0309S,5,0,0
2026/07/03 10:50,05F0309S,05F0439S,31,490,78
2026/07/03 10:50,05F0309S,05F0439S,32,498,20
2026/07/03 10:50,05F0309S,05F0439S,41,521,3
2026/07/03 10:50,05F0309S,05F0439S,42,0,0
2026/07/03 10:50,05F0309S,05F0439S,5,516,4
2026/07/03 10:50,05F0439S,05F0494S,31,203,40
2026/07/03 10:50,05F0439S,05F0494S,32,209,14
2026/07/03 10:50,05F0439S,05F0494S,41,0,0
2026/07/03 10:50,05F0439S,05F0494S,42,244,2
2026/07/03 10:50,05F0439S,05F0494S,5,234,2
2026/07/03 10:55,05F0000S,05F0055S,31,677,136
2026/07/03 10:55,05F0000S,05F0055S,32,652,45
2026/07/03 10:55,05F0000S,05F0055S,41,617,3
2026/07/03 10:55,05F0000S,05F0055S,42,0,0
2026/07/03 10:55,05F0000S,05F0055S,5,0,0
2026/07/03 10:55,05F0055S,05F0287S,31,1380,151
2026/07/03 10:55,05F0055S,05F0287S,32,1381,42
2026/07/03 10:55,05F0055S,05F0287S,41,1379,4
2026/07/03 10:55,05F0055S,05F0287S,42,0,0
2026/07/03 10:55,05F0055S,05F0287S,5,0,0
2026/07/03 10:55,05F0287S,05F0309S,31,93,111
2026/07/03 10:55,05F0287S,05F0309S,32,93,27
2026/07/03 10:55,05F0287S,05F0309S,41,94,5
2026/07/03 10:55,05F0287S,05F0309S,42,0,0
2026/07/03 10:55,05F0287S,05F0309S,5,0,0
2026/07/03 10:55,05F0309S,05F0439S,31,493,75
2026/07/03 10:55,05F0309S,05F0439S,32,500,22
2026/07/03 10:55,05F0309S,05F0439S,41,528,2
2026/07/03 10:55,05F0309S,05F0439S,42,0,0
2026/07/03 10:55,05F0309S,05F0439S,5,539,4
2026/07/03 10:55,05F0439S,05F0494S,31,205,31
2026/07/03 10:55,05F0439S,05F0494S,32,218,11
2026/07/03 10:55,05F0439S,05F0494S,41,0,0
2026/07/03 10:55,05F0439S,05F0494S,42,0,0
2026/07/03 10:55,05F0439S,05F0494S,5,223,1
2026/07/03 11:00,05F0000S,05F0055S,31,691,124
2026/07/03 11:00,05F0000S,05F0055S,32,676,37
2026/07/03 11:00,05F0000S,05F0055S,41,617,9
2026/07/03 11:00,05F0000S,05F0055S,42,0,0
2026/07/03 11:00,05F0000S,05F0055S,5,0,0
2026/07/03 11:00,05F0055S,05F0287S,31,1391,161
2026/07/03 11:00,05F0055S,05F0287S,32,1392,41
2026/07/03 11:00,05F0055S,05F0287S,41,1419,3
2026/07/03 11:00,05F0055S,05F0287S,42,1377,2
2026/07/03 11:00,05F0055S,05F0287S,5,0,0
2026/07/03 11:00,05F0287S,05F0309S,31,90,106
2026/07/03 11:00,05F0287S,05F0309S,32,93,33
2026/07/03 11:00,05F0287S,05F0309S,41,104,3
2026/07/03 11:00,05F0287S,05F0309S,42,86,1
2026/07/03 11:00,05F0287S,05F0309S,5,0,0
2026/07/03 11:00,05F0309S,05F0439S,31,499,74
2026/07/03 11:00,05F0309S,05F0439S,32,498,25
2026/07/03 11:00,05F0309S,05F0439S,41,517,2
2026/07/03 11:00,05F0309S,05F0439S,42,614,1
2026/07/03 11:00,05F0309S,05F0439S,5,506,7
2026/07/03 11:00,05F0439S,05F0494S,31,211,49
2026/07/03 11:00,05F0439S,05F0494S,32,229,8
2026/07/03 11:00,05F0439S,05F0494S,41,242,2
2026/07/03 11:00,05F0439S,05F0494S,42,0,0
2026/07/03 11:00,05F0439S,05F0494S,5,213,4
2026/07/03 11:05,05F0000S,05F0055S,31,745,145
2026/07/03 11:05,05F0000S,05F0055S,32,726,29
2026/07/03 11:05,05F0000S,05F0055S,41,676,3
2026/07/03 11:05,05F0000S,05F0055S,42,0,0
2026/07/03 11:05,05F0000S,05F0055S,5,0,0
2026/07/03 11:05,05F0055S,05F0287S,31,1399,155
2026/07/03 11:05,05F0055S,05F0287S,32,1420,44
2026/07/03 11:05,05F0055S,05F0287S,41,1462,5
2026/07/03 11:05,05F0055S,05F0287S,42,0,0
2026/07/03 11:05,05F0055S,05F0287S,5,0,0
2026/07/03 11:05,05F0287S,05F0309S,31,93,94
2026/07/03 11:05,05F0287S,05F0309S,32,94,31
2026/07/03 11:05,05F0287S,05F0309S,41,93,3
2026/07/03 11:05,05F0287S,05F0309S,42,0,0
2026/07/03 11:05,05F0287S,05F0309S,5,0,0
2026/07/03 11:05,05F0309S,05F0439S,31,500,64
2026/07/03 11:05,05F0309S,05F0439S,32,510,19
2026/07/03 11:05,05F0309S,05F0439S,41,541,4
2026/07/03 11:05,05F0309S,05F0439S,42,517,1
2026/07/03 11:05,05F0309S,05F0439S,5,490,5
2026/07/03 11:05,05F0439S,05F0494S,31,210,33
2026/07/03 11:05,05F0439S,05F0494S,32,214,10
2026/07/03 11:05,05F0439S,05F0494S,41,0,0
2026/07/03 11:05,05F0439S,05F0494S,42,222,1
2026/07/03 11:05,05F0439S,05F0494S,5,206,5
2026/07/03 11:10,05F0000S,05F0055S,31,772,137
2026/07/03 11:10,05F0000S,05F0055S,32,776,36
2026/07/03 11:10,05F0000S,05F0055S,41,712,4
2026/07/03 11:10,05F0000S,05F0055S,42,0,0
2026/07/03 11:10,05F0000S,05F0055S,5,0,0
2026/07/03 11:10,05F0055S,05F0287S,31,1451,153
2026/07/03 11:10,05F0055S,05F0287S,32,1478,42
2026/07/03 11:10,05F0055S,05F0287S,41,1486,7
2026/07/03 11:10,05F0055S,05F0287S,42,0,0
2026/07/03 11:10,05F0055S,05F0287S,5,0,0
2026/07/03 11:10,05F0287S,05F0309S,31,92,109
2026/07/03 11:10,05F0287S,05F0309S,32,90,28
2026/07/03 11:10,05F0287S,05F0309S,41,95,5
2026/07/03 11:10,05F0287S,05F0309S,42,0,0
2026/07/03 11:10,05F0287S,05F0309S,5,0,0
2026/07/03 11:10,05F0309S,05F0439S,31,495,80
2026/07/03 11:10,05F0309S,05F0439S,32,503,22
2026/07/03 11:10,05F0309S,05F0439S,41,538,2
2026/07/03 11:10,05F0309S,05F0439S,42,537,4
2026/07/03 11:10,05F0309S,05F0439S,5,503,6
2026/07/03 11:10,05F0439S,05F0494S,31,204,41
2026/07/03 11:10,05F0439S,05F0494S,32,212,5
2026/07/03 11:10,05F0439S,05F0494S,41,0,0
2026/07/03 11:10,05F0439S,05F0494S,42,204,2
2026/07/03 11:10,05F0439S,05F0494S,5,206,7
2026/07/03 11:15,05F0000S,05F0055S,31,742,135
2026/07/03 11:15,05F0000S,05F0055S,32,727,36
2026/07/03 11:15,05F0000S,05F0055S,41,684,2
2026/07/03 11:15,05F0000S,05F0055S,42,0,0
2026/07/03 11:15,05F0000S,05F0055S,5,0,0
2026/07/03 11:15,05F0055S,05F0287S,31,1480,144
2026/07/03 11:15,05F0055S,05F0287S,32,1480,55
2026/07/03 11:15,05F0055S,05F0287S,41,1488,5
2026/07/03 11:15,05F0055S,05F0287S,42,0,0
2026/07/03 11:15,05F0055S,05F0287S,5,0,0
2026/07/03 11:15,05F0287S,05F0309S,31,92,90
2026/07/03 11:15,05F0287S,05F0309S,32,93,31
2026/07/03 11:15,05F0287S,05F0309S,41,91,5
2026/07/03 11:15,05F0287S,05F0309S,42,0,0
2026/07/03 11:15,05F0287S,05F0309S,5,0,0
2026/07/03 11:15,05F0309S,05F0439S,31,508,88
2026/07/03 11:15,05F0309S,05F0439S,32,520,24
2026/07/03 11:15,05F0309S,05F0439S,41,589,1
2026/07/03 11:15,05F0309S,05F0439S,42,530,3
2026/07/03 11:15,05F0309S,05F0439S,5,538,5
2026/07/03 11:15,05F0439S,05F0494S,31,213,42
2026/07/03 11:15,05F0439S,05F0494S,32,211,7
2026/07/03 11:15,05F0439S,05F0494S,41,0,0
2026/07/03 11:15,05F0439S,05F0494S,42,218,1
2026/07/03 11:15,05F0439S,05F0494S,5,210,6
2026/07/03 11:20,05F0000S,05F0055S,31,786,133
2026/07/03 11:20,05F0000S,05F0055S,32,791,37
2026/07/03 11:20,05F0000S,05F0055S,41,693,7
2026/07/03 11:20,05F0000S,05F0055S,42,0,0
2026/07/03 11:20,05F0000S,05F0055S,5,0,0
2026/07/03 11:20,05F0055S,05F0287S,31,1497,153
2026/07/03 11:20,05F0055S,05F0287S,32,1494,49
2026/07/03 11:20,05F0055S,05F0287S,41,1508,4
2026/07/03 11:20,05F0055S,05F0287S,42,0,0
2026/07/03 11:20,05F0055S,05F0287S,5,0,0
2026/07/03 11:20,05F0287S,05F0309S,31,92,91
2026/07/03 11:20,05F0287S,05F0309S,32,92,38
2026/07/03 11:20,05F0287S,05F0309S,41,101,5
2026/07/03 11:20,05F0287S,05F0309S,42,0,0
2026/07/03 11:20,05F0287S,05F0309S,5,0,0
2026/07/03 11:20,05F0309S,05F0439S,31,488,65
2026/07/03 11:20,05F0309S,05F0439S,32,498,18
2026/07/03 11:20,05F0309S,05F0439S,41,532,6
2026/07/03 11:20,05F0309S,05F0439S,42,563,3
2026/07/03 11:20,05F0309S,05F0439S,5,503,3
2026/07/03 11:20,05F0439S,05F0494S,31,210,62
2026/07/03 11:20,05F0439S,05F0494S,32,209,17
2026/07/03 11:20,05F0439S,05F0494S,41,0,0
2026/07/03 11:20,05F0439S,05F0494S,42,222,3
2026/07/03 11:20,05F0439S,05F0494S,5,229,6
2026/07/03 11:25,05F0000S,05F0055S,31,755,138
2026/07/03 11:25,05F0000S,05F0055S,32,747,38
2026/07/03 11:25,05F0000S,05F0055S,41,702,6
2026/07/03 11:25,05F0000S,05F0055S,42,0,0
2026/07/03 11:25,05F0000S,05F0055S,5,0,0
2026/07/03 11:25,05F0055S,05F0287S,31,1539,156
2026/07/03 11:25,05F0055S,05F0287S,32,1540,43
2026/07/03 11:25,05F0055S,05F0287S,41,1530,9
2026/07/03 11:25,05F0055S,05F0287S,42,0,0
2026/07/03 11:25,05F0055S,05F0287S,5,0,0
2026/07/03 11:25,05F0287S,05F0309S,31,91,101
2026/07/03 11:25,05F0287S,05F0309S,32,94,20
2026/07/03 11:25,05F0287S,05F0309S,41,95,4
2026/07/03 11:25,05F0287S,05F0309S,42,0,0
2026/07/03 11:25,05F0287S,05F0309S,5,0,0
2026/07/03 11:25,05F0309S,05F0439S,31,487,49
2026/07/03 11:25,05F0309S,05F0439S,32,490,19
2026/07/03 11:25,05F0309S,05F0439S,41,538,1
2026/07/03 11:25,05F0309S,05F0439S,42,0,0
2026/07/03 11:25,05F0309S,05F0439S,5,536,8
2026/07/03 11:25,05F0439S,05F0494S,31,203,42
2026/07/03 11:25,05F0439S,05F0494S,32,210,9
2026/07/03 11:25,05F0439S,05F0494S,41,0,0
2026/07/03 11:25,05F0439S,05F0494S,42,228,4
2026/07/03 11:25,05F0439S,05F0494S,5,232,2
2026/07/03 11:30,05F0000S,05F0055S,31,736,136
2026/07/03 11:30,05F0000S,05F0055S,32,747,31
2026/07/03 11:30,05F0000S,05F0055S,41,691,1
2026/07/03 11:30,05F0000S,05F0055S,42,0,0
2026/07/03 11:30,05F0000S,05F0055S,5,0,0
2026/07/03 11:30,05F0055S,05F0287S,31,1546,154
2026/07/03 11:30,05F0055S,05F0287S,32,1561,34
2026/07/03 11:30,05F0055S,05F0287S,41,1556,5
2026/07/03 11:30,05F0055S,05F0287S,42,0,0
2026/07/03 11:30,05F0055S,05F0287S,5,0,0
2026/07/03 11:30,05F0287S,05F0309S,31,94,106
2026/07/03 11:30,05F0287S,05F0309S,32,93,29
2026/07/03 11:30,05F0287S,05F0309S,41,93,3
2026/07/03 11:30,05F0287S,05F0309S,42,0,0
2026/07/03 11:30,05F0287S,05F0309S,5,0,0
2026/07/03 11:30,05F0309S,05F0439S,31,491,70
2026/07/03 11:30,05F0309S,05F0439S,32,491,26
2026/07/03 11:30,05F0309S,05F0439S,41,542,5
2026/07/03 11:30,05F0309S,05F0439S,42,533,1
2026/07/03 11:30,05F0309S,05F0439S,5,520,5
2026/07/03 11:30,05F0439S,05F0494S,31,205,37
2026/07/03 11:30,05F0439S,05F0494S,32,211,17
2026/07/03 11:30,05F0439S,05F0494S,41,227,2
2026/07/03 11:30,05F0439S,05F0494S,42,246,2
2026/07/03 11:30,05F0439S,05F0494S,5,217,6
2026/07/03 11:35,05F0000S,05F0055S,31,746,125
2026/07/03 11:35,05F0000S,05F0055S,32,740,43
2026/07/03 11:35,05F0000S,05F0055S,41,721,4
2026/07/03 11:35,05F0000S,05F0055S,42,0,0
2026/07/03 11:35,05F0000S,05F0055S,5,0,0
2026/07/03 11:35,05F0055S,05F0287S,31,1617,141
2026/07/03 11:35,05F0055S,05F0287S,32,1617,45
2026/07/03 11:35,05F0055S,05F0287S,41,1615,5
2026/07/03 11:35,05F0055S,05F0287S,42,0,0
2026/07/03 11:35,05F0055S,05F0287S,5,0,0
2026/07/03 11:35,05F0287S,05F0309S,31,91,103
2026/07/03 11:35,05F0287S,05F0309S,32,89,33
2026/07/03 11:35,05F0287S,05F0309S,41,96,3
2026/07/03 11:35,05F0287S,05F0309S,42,0,0
2026/07/03 11:35,05F0287S,05F0309S,5,0,0
2026/07/03 11:35,05F0309S,05F0439S,31,495,74
2026/07/03 11:35,05F0309S,05F0439S,32,501,22
2026/07/03 11:35,05F0309S,05F0439S,41,531,5
2026/07/03 11:35,05F0309S,05F0439S,42,609,1
2026/07/03 11:35,05F0309S,05F0439S,5,496,4
2026/07/03 11:35,05F0439S,05F0494S,31,206,38
2026/07/03 11:35,05F0439S,05F0494S,32,217,10
2026/07/03 11:35,05F0439S,05F0494S,41,0,0
2026/07/03 11:35,05F0439S,05F0494S,42,0,0
2026/07/03 11:35,05F0439S,05F0494S,5,212,6
2026/07/03 11:40,05F0000S,05F0055S,31,760,136
2026/07/03 11:40,05F0000S,05F0055S,32,770,31
2026/07/03 11:40,05F0000S,05F0055S,41,708,2
2026/07/03 11:40,05F0000S,05F0055S,42,0,0
2026/07/03 11:40,05F0000S,05F0055S,5,0,0
2026/07/03 11:40,05F0055S,05F0287S,31,1622,152
2026/07/03 11:40,05F0055S,05F0287S,32,1638,39
2026/07/03 11:40,05F0055S,05F0287S,41,1605,3
2026/07/03 11:40,05F0055S,05F0287S,42,0,0
2026/07/03 11:40,05F0055S,05F0287S,5,0,0
2026/07/03 11:40,05F0287S,05F0309S,31,90,102
2026/07/03 11:40,05F0287S,05F0309S,32,92,32
2026/07/03 11:40,05F0287S,05F0309S,41,102,4
2026/07/03 11:40,05F0287S,05F0309S,42,0,0
2026/07/03 11:40,05F0287S,05F0309S,5,0,0
2026/07/03 11:40,05F0309S,05F0439S,31,493,66
2026/07/03 11:40,05F0309S,05F0439S,32,497,13
2026/07/03 11:40,05F0309S,05F0439S,41,552,2
2026/07/03 11:40,05F0309S,05F0439S,42,0,0
2026/07/03 11:40,05F0309S,05F0439S,5,558,3
2026/07/03 11:40,05F0439S,05F0494S,31,207,50
2026/07/03 11:40,05F0439S,05F0494S,32,210,16
2026/07/03 11:40,05F0439S,05F0494S,41,230,2
2026/07/03 11:40,05F0439S,05F0494S,42,268,1
2026/07/03 11:40,05F0439S,05F0494S,5,227,1
2026/07/03 11:45,05F0000S,05F0055S,31,796,145
2026/07/03 11:45,05F0000S,05F0055S,32,798,35
2026/07/03 11:45,05F0000S,05F0055S,41,710,4
2026/07/03 11:45,05F0000S,05F0055S,42,0,0
2026/07/03 11:45,05F0000S,05F0055S,5,0,0
2026/07/03 11:45,05F0055S,05F0287S,31,1657,163
2026/07/03 11:45,05F0055S,05F0287S,32,1647,36
2026/07/03 11:45,05F0055S,05F0287S,41,1592,7
2026/07/03 11:45,05F0055S,05F0287S,42,0,0
2026/07/03 11:45,05F0055S,05F0287S,5,0,0
2026/07/03 11:45,05F0287S,05F0309S,31,94,110
2026/07/03 11:45,05F0287S,05F0309S,32,96,28
2026/07/03 11:45,05F0287S,05F0309S,41,95,3
2026/07/03 11:45,05F0287S,05F0309S,42,0,0
2026/07/03 11:45,05F0287S,05F0309S,5,0,0
2026/07/03 11:45,05F0309S,05F0439S,31,491,71
2026/07/03 11:45,05F0309S,05F0439S,32,484,21
2026/07/03 11:45,05F0309S,05F0439S,41,535,1
2026/07/03 11:45,05F0309S,05F0439S,42,0,0
2026/07/03 11:45,05F0309S,05F0439S,5,567,3
2026/07/03 11:45,05F0439S,05F0494S,31,207,44
2026/07/03 11:45,05F0439S,05F0494S,32,219,10
2026/07/03 11:45,05F0439S,05F0494S,41,0,0
2026/07/03 11:45,05F0439S,05F0494S,42,0,0
2026/07/03 11:45,05F0439S,05F0494S,5,227,2
2026/07/03 11:50,05F0000S,05F0055S,31,808,134
2026/07/03 11:50,05F0000S,05F0055S,32,815,50
2026/07/03 11:50,05F0000S,05F0055S,41,789,4
2026/07/03 11:50,05F0000S,05F0055S,42,0,0
2026/07/03 11:50,05F0000S,05F0055S,5,0,0
2026/07/03 11:50,05F0055S,05F0287S,31,1668,168
2026/07/03 11:50,05F0055S,05F0287S,32,1670,45
2026/07/03 11:50,05F0055S,05F0287S,41,1621,3
2026/07/03 11:50,05F0055S,05F0287S,42,0,0
2026/07/03 11:50,05F0055S,05F0287S,5,0,0
2026/07/03 11:50,05F0287S,05F0309S,31,90,106
2026/07/03 11:50,05F0287S,05F0309S,32,92,32
2026/07/03 11:50,05F0287S,05F0309S,41,94,2
2026/07/03 11:50,05F0287S,05F0309S,42,0,0
2026/07/03 11:50,05F0287S,05F0309S,5,0,0
2026/07/03 11:50,05F0309S,05F0439S,31,505,55
2026/07/03 11:50,05F0309S,05F0439S,32,515,26
2026/07/03 11:50,05F0309S,05F0439S,41,542,4
2026/07/03 11:50,05F0309S,05F0439S,42,0,0
2026/07/03 11:50,05F0309S,05F0439S,5,541,11
2026/07/03 11:50,05F0439S,05F0494S,31,203,36
2026/07/03 11:50,05F0439S,05F0494S,32,204,9
2026/07/03 11:50,05F0439S,05F0494S,41,0,0
2026/07/03 11:50,05F0439S,05F0494S,42,235,1
2026/07/03 11:50,05F0439S,05F0494S,5,234,4
2026/07/03 11:55,05F0000S,05F0055S,31,863,131
2026/07/03 11:55,05F0000S,05F0055S,32,851,42
2026/07/03 11:55,05F0000S,05F0055S,41,799,3
2026/07/03 11:55,05F0000S,05F0055S,42,0,0
2026/07/03 11:55,05F0000S,05F0055S,5,0,0
2026/07/03 11:55,05F0055S,05F0287S,31,1674,169
2026/07/03 11:55,05F0055S,05F0287S,32,1676,47
2026/07/03 11:55,05F0055S,05F0287S,41,1606,6
2026/07/03 11:55,05F0055S,05F0287S,42,0,0
2026/07/03 11:55,05F0055S,05F0287S,5,0,0
2026/07/03 11:55,05F0287S,05F0309S,31,91,108
2026/07/03 11:55,05F0287S,05F0309S,32,95,29
2026/07/03 11:55,05F0287S,05F0309S,41,95,5
2026/07/03 11:55,05F0287S,05F0309S,42,0,0
2026/07/03 11:55,05F0287S,05F0309S,5,0,0
2026/07/03 11:55,05F0309S,05F0439S,31,500,63
2026/07/03 11:55,05F0309S,05F0439S,32,497,20
2026/07/03 11:55,05F0309S,05F0439S,41,535,1
2026/07/03 11:55,05F0309S,05F0439S,42,556,1
2026/07/03 11:55,05F0309S,05F0439S,5,525,5
2026/07/03 11:55,05F0439S,05F0494S,31,206,28
2026/07/03 11:55,05F0439S,05F0494S,32,210,13
2026/07/03 11:55,05F0439S,05F0494S,41,216,1
2026/07/03 11:55,05F0439S,05F0494S,42,0,0
2026/07/03 11:55,05F0439S,05F0494S,5,212,4
2026/07/03 12:00,05F0000S,05F0055S,31,834,162
2026/07/03 12:00,05F0000S,05F0055S,32,832,42
2026/07/03 12:00,05F0000S,05F0055S,41,761,3
2026/07/03 12:00,05F0000S,05F0055S,42,0,0
2026/07/03 12:00,05F0000S,05F0055S,5,0,0
2026/07/03 12:00,05F0055S,05F0287S,31,1671,163
2026/07/03 12:00,05F0055S,05F0287S,32,1672,50
2026/07/03 12:00,05F0055S,05F0287S,41,1565,6
2026/07/03 12:00,05F0055S,05F0287S,42,0,0
2026/07/03 12:00,05F0055S,05F0287S,5,0,0
2026/07/03 12:00,05F0287S,05F0309S,31,93,105
2026/07/03 12:00,05F0287S,05F0309S,32,95,29
2026/07/03 12:00,05F0287S,05F0309S,41,97,3
2026/07/03 12:00,05F0287S,05F0309S,42,0,0
2026/07/03 12:00,05F0287S,05F0309S,5,0,0
2026/07/03 12:00,05F0309S,05F0439S,31,499,60
2026/07/03 12:00,05F0309S,05F0439S,32,498,23
2026/07/03 12:00,05F0309S,05F0439S,41,523,1
2026/07/03 12:00,05F0309S,05F0439S,42,580,1
2026/07/03 12:00,05F0309S,05F0439S,5,514,12
2026/07/03 12:00,05F0439S,05F0494S,31,212,48
2026/07/03 12:00,05F0439S,05F0494S,32,218,17
2026/07/03 12:00,05F0439S,05F0494S,41,0,0
2026/07/03 12:00,05F0439S,05F0494S,42,0,0
2026/07/03 12:00,05F0439S,05F0494S,5,214,7
2026/07/03 12:05,05F0000S,05F0055S,31,733,158
2026/07/03 12:05,05F0000S,05F0055S,32,730,32
2026/07/03 12:05,05F0000S,05F0055S,41,702,2
2026/07/03 12:05,05F0000S,05F0055S,42,717,1
2026/07/03 12:05,05F0000S,05F0055S,5,0,0
2026/07/03 12:05,05F0055S,05F0287S,31,1688,99
2026/07/03 12:05,05F0055S,05F0287S,32,1680,33
2026/07/03 12:05,05F0055S,05F0287S,41,1528,2
2026/07/03 12:05,05F0055S,05F0287S,42,0,0
2026/07/03 12:05,05F0055S,05F0287S,5,0,0
2026/07/03 12:05,05F0287S,05F0309S,31,88,70
2026/07/03 12:05,05F0287S,05F0309S,32,89,27
2026/07/03 12:05,05F0287S,05F0309S,41,102,1
2026/07/03 12:05,05F0287S,05F0309S,42,0,0
2026/07/03 12:05,05F0287S,05F0309S,5,0,0
2026/07/03 12:05,05F0309S,05F0439S,31,495,82
2026/07/03 12:05,05F0309S,05F0439S,32,507,27
2026/07/03 12:05,05F0309S,05F0439S,41,539,3
2026/07/03 12:05,05F0309S,05F0439S,42,0,0
2026/07/03 12:05,05F0309S,05F0439S,5,532,8
2026/07/03 12:05,05F0439S,05F0494S,31,211,36
2026/07/03 12:05,05F0439S,05F0494S,32,204,13
2026/07/03 12:05,05F0439S,05F0494S,41,0,0
2026/07/03 12:05,05F0439S,05F0494S,42,0,0
2026/07/03 12:05,05F0439S,05F0494S,5,220,11
2026/07/03 12:10,05F0000S,05F0055S,31,683,157
2026/07/03 12:10,05F0000S,05F0055S,32,682,39
2026/07/03 12:10,05F0000S,05F0055S,41,668,5
2026/07/03 12:10,05F0000S,05F0055S,42,0,0
2026/07/03 12:10,05F0000S,05F0055S,5,0,0
2026/07/03 12:10,05F0055S,05F0287S,31,1845,92
2026/07/03 12:10,05F0055S,05F0287S,32,1887,24
2026/07/03 12:10,05F0055S,05F0287S,41,1734,1
2026/07/03 12:10,05F0055S,05F0287S,42,0,0
2026/07/03 12:10,05F0055S,05F0287S,5,0,0
2026/07/03 12:10,05F0287S,05F0309S,31,87,68
2026/07/03 12:10,05F0287S,05F0309S,32,88,16
2026/07/03 12:10,05F0287S,05F0309S,41,94,1
2026/07/03 12:10,05F0287S,05F0309S,42,0,0
2026/07/03 12:10,05F0287S,05F0309S,5,0,0
2026/07/03 12:10,05F0309S,05F0439S,31,500,62
2026/07/03 12:10,05F0309S,05F0439S,32,491,20
2026/07/03 12:10,05F0309S,05F0439S,41,535,2
2026/07/03 12:10,05F0309S,05F0439S,42,0,0
2026/07/03 12:10,05F0309S,05F0439S,5,511,7
2026/07/03 12:10,05F0439S,05F0494S,31,210,46
2026/07/03 12:10,05F0439S,05F0494S,32,208,10
2026/07/03 12:10,05F0439S,05F0494S,41,224,1
2026/07/03 12:10,05F0439S,05F0494S,42,250,2
2026/07/03 12:10,05F0439S,05F0494S,5,214,8
2026/07/03 12:15,05F0000S,05F0055S,31,569,156
2026/07/03 12:15,05F0000S,05F0055S,32,561,37
2026/07/03 12:15,05F0000S,05F0055S,41,500,3
2026/07/03 12:15,05F0000S,05F0055S,42,0,0
2026/07/03 12:15,05F0000S,05F0055S,5,0,0
2026/07/03 12:15,05F0055S,05F0287S,31,1963,107
2026/07/03 12:15,05F0055S,05F0287S,32,1982,22
2026/07/03 12:15,05F0055S,05F0287S,41,1819,4
2026/07/03 12:15,05F0055S,05F0287S,42,0,0
2026/07/03 12:15,05F0055S,05F0287S,5,0,0
2026/07/03 12:15,05F0287S,05F0309S,31,89,62
2026/07/03 12:15,05F0287S,05F0309S,32,92,22
2026/07/03 12:15,05F0287S,05F0309S,41,91,3
2026/07/03 12:15,05F0287S,05F0309S,42,0,0
2026/07/03 12:15,05F0287S,05F0309S,5,0,0
2026/07/03 12:15,05F0309S,05F0439S,31,492,53
2026/07/03 12:15,05F0309S,05F0439S,32,483,19
2026/07/03 12:15,05F0309S,05F0439S,41,0,0
2026/07/03 12:15,05F0309S,05F0439S,42,553,1
2026/07/03 12:15,05F0309S,05F0439S,5,518,8
2026/07/03 12:15,05F0439S,05F0494S,31,214,37
2026/07/03 12:15,05F0439S,05F0494S,32,202,12
2026/07/03 12:15,05F0439S,05F0494S,41,0,0
2026/07/03 12:15,05F0439S,05F0494S,42,226,2
2026/07/03 12:15,05F0439S,05F0494S,5,216,6
2026/07/03 12:20,05F0000S,05F0055S,31,482,140
2026/07/03 12:20,05F0000S,05F0055S,32,455,48
2026/07/03 12:20,05F0000S,05F0055S,41,410,1
2026/07/03 12:20,05F0000S,05F0055S,42,0,0
2026/07/03 12:20,05F0000S,05F0055S,5,0,0
2026/07/03 12:20,05F0055S,05F0287S,31,2065,126
2026/07/03 12:20,05F0055S,05F0287S,32,2053,27
2026/07/03 12:20,05F0055S,05F0287S,41,2058,3
2026/07/03 12:20,05F0055S,05F0287S,42,0,0
2026/07/03 12:20,05F0055S,05F0287S,5,0,0
2026/07/03 12:20,05F0287S,05F0309S,31,88,72
2026/07/03 12:20,05F0287S,05F0309S,32,91,24
2026/07/03 12:20,05F0287S,05F0309S,41,1002,2
2026/07/03 12:20,05F0287S,05F0309S,42,0,0
2026/07/03 12:20,05F0287S,05F0309S,5,0,0
2026/07/03 12:20,05F0309S,05F0439S,31,486,38
2026/07/03 12:20,05F0309S,05F0439S,32,492,15
2026/07/03 12:20,05F0309S,05F0439S,41,0,0
2026/07/03 12:20,05F0309S,05F0439S,42,0,0
2026/07/03 12:20,05F0309S,05F0439S,5,514,9
2026/07/03 12:20,05F0439S,05F0494S,31,205,42
2026/07/03 12:20,05F0439S,05F0494S,32,201,9
2026/07/03 12:20,05F0439S,05F0494S,41,0,0
2026/07/03 12:20,05F0439S,05F0494S,42,0,0
2026/07/03 12:20,05F0439S,05F0494S,5,218,8
2026/07/03 12:25,05F0000S,05F0055S,31,456,55
2026/07/03 12:25,05F0000S,05F0055S,32,470,28
2026/07/03 12:25,05F0000S,05F0055S,41,303,5
2026/07/03 12:25,05F0000S,05F0055S,42,0,0
2026/07/03 12:25,05F0000S,05F0055S,5,0,0
2026/07/03 12:25,05F0055S,05F0287S,31,2115,133
2026/07/03 12:25,05F0055S,05F0287S,32,2106,51
2026/07/03 12:25,05F0055S,05F0287S,41,2031,5
2026/07/03 12:25,05F0055S,05F0287S,42,0,0
2026/07/03 12:25,05F0055S,05F0287S,5,0,0
2026/07/03 12:25,05F0287S,05F0309S,31,88,77
2026/07/03 12:25,05F0287S,05F0309S,32,92,32
2026/07/03 12:25,05F0287S,05F0309S,41,89,4
2026/07/03 12:25,05F0287S,05F0309S,42,0,0
2026/07/03 12:25,05F0287S,05F0309S,5,0,0
2026/07/03 12:25,05F0309S,05F0439S,31,484,51
2026/07/03 12:25,05F0309S,05F0439S,32,511,14
2026/07/03 12:25,05F0309S,05F0439S,41,543,2
2026/07/03 12:25,05F0309S,05F0439S,42,0,0
2026/07/03 12:25,05F0309S,05F0439S,5,486,5
2026/07/03 12:25,05F0439S,05F0494S,31,214,27
2026/07/03 12:25,05F0439S,05F0494S,32,225,4
2026/07/03 12:25,05F0439S,05F0494S,41,0,0
2026/07/03 12:25,05F0439S,05F0494S,42,0,0
2026/07/03 12:25,05F0439S,05F0494S,5,222,6
2026/07/03 12:30,05F0000S,05F0055S,31,638,68
2026/07/03 12:30,05F0000S,05F0055S,32,624,15
2026/07/03 12:30,05F0000S,05F0055S,41,365,1
2026/07/03 12:30,05F0000S,05F0055S,42,0,0
2026/07/03 12:30,05F0000S,05F0055S,5,0,0
2026/07/03 12:30,05F0055S,05F0287S,31,2171,121
2026/07/03 12:30,05F0055S,05F0287S,32,2175,38
2026/07/03 12:30,05F0055S,05F0287S,41,2067,4
2026/07/03 12:30,05F0055S,05F0287S,42,0,0
2026/07/03 12:30,05F0055S,05F0287S,5,0,0
2026/07/03 12:30,05F0287S,05F0309S,31,88,83
2026/07/03 12:30,05F0287S,05F0309S,32,85,27
2026/07/03 12:30,05F0287S,05F0309S,41,94,5
2026/07/03 12:30,05F0287S,05F0309S,42,0,0
2026/07/03 12:30,05F0287S,05F0309S,5,0,0
2026/07/03 12:30,05F0309S,05F0439S,31,478,55
2026/07/03 12:30,05F0309S,05F0439S,32,503,13
2026/07/03 12:30,05F0309S,05F0439S,41,0,0
2026/07/03 12:30,05F0309S,05F0439S,42,588,3
2026/07/03 12:30,05F0309S,05F0439S,5,496,4
2026/07/03 12:30,05F0439S,05F0494S,31,203,34
2026/07/03 12:30,05F0439S,05F0494S,32,215,11
2026/07/03 12:30,05F0439S,05F0494S,41,0,0
2026/07/03 12:30,05F0439S,05F0494S,42,0,0
2026/07/03 12:30,05F0439S,05F0494S,5,219,5
2026/07/03 12:35,05F0000S,05F0055S,31,734,74
2026/07/03 12:35,05F0000S,05F0055S,32,735,22
2026/07/03 12:35,05F0000S,05F0055S,41,0,0
2026/07/03 12:35,05F0000S,05F0055S,42,0,0
2026/07/03 12:35,05F0000S,05F0055S,5,0,0
2026/07/03 12:35,05F0055S,05F0287S,31,2171,147
2026/07/03 12:35,05F0055S,05F0287S,32,2181,38
2026/07/03 12:35,05F0055S,05F0287S,41,2201,2
2026/07/03 12:35,05F0055S,05F0287S,42,0,0
2026/07/03 12:35,05F0055S,05F0287S,5,0,0
2026/07/03 12:35,05F0287S,05F0309S,31,88,89
2026/07/03 12:35,05F0287S,05F0309S,32,87,30
2026/07/03 12:35,05F0287S,05F0309S,41,0,0
2026/07/03 12:35,05F0287S,05F0309S,42,0,0
2026/07/03 12:35,05F0287S,05F0309S,5,0,0
2026/07/03 12:35,05F0309S,05F0439S,31,491,71
2026/07/03 12:35,05F0309S,05F0439S,32,501,29
2026/07/03 12:35,05F0309S,05F0439S,41,517,3
2026/07/03 12:35,05F0309S,05F0439S,42,532,1
2026/07/03 12:35,05F0309S,05F0439S,5,550,8
2026/07/03 12:35,05F0439S,05F0494S,31,205,39
2026/07/03 12:35,05F0439S,05F0494S,32,205,8
2026/07/03 12:35,05F0439S,05F0494S,41,189,1
2026/07/03 12:35,05F0439S,05F0494S,42,236,2
2026/07/03 12:35,05F0439S,05F0494S,5,212,5
2026/07/03 12:40,05F0000S,05F0055S,31,865,84
2026/07/03 12:40,05F0000S,05F0055S,32,862,21
2026/07/03 12:40,05F0000S,05F0055S,41,807,3
2026/07/03 12:40,05F0000S,05F0055S,42,844,1
2026/07/03 12:40,05F0000S,05F0055S,5,0,0
2026/07/03 12:40,05F0055S,05F0287S,31,2219,143
2026/07/03 12:40,05F0055S,05F0287S,32,2293,40
2026/07/03 12:40,05F0055S,05F0287S,41,2216,5
2026/07/03 12:40,05F0055S,05F0287S,42,0,0
2026/07/03 12:40,05F0055S,05F0287S,5,0,0
2026/07/03 12:40,05F0287S,05F0309S,31,88,93
2026/07/03 12:40,05F0287S,05F0309S,32,91,23
2026/07/03 12:40,05F0287S,05F0309S,41,93,3
2026/07/03 12:40,05F0287S,05F0309S,42,0,0
2026/07/03 12:40,05F0287S,05F0309S,5,0,0
2026/07/03 12:40,05F0309S,05F0439S,31,480,53
2026/07/03 12:40,05F0309S,05F0439S,32,475,19
2026/07/03 12:40,05F0309S,05F0439S,41,532,3
2026/07/03 12:40,05F0309S,05F0439S,42,0,0
2026/07/03 12:40,05F0309S,05F0439S,5,511,2
2026/07/03 12:40,05F0439S,05F0494S,31,213,35
2026/07/03 12:40,05F0439S,05F0494S,32,211,16
2026/07/03 12:40,05F0439S,05F0494S,41,0,0
2026/07/03 12:40,05F0439S,05F0494S,42,0,0
2026/07/03 12:40,05F0439S,05F0494S,5,228,6
2026/07/03 12:45,05F0000S,05F0055S,31,871,105
2026/07/03 12:45,05F0000S,05F0055S,32,881,32
2026/07/03 12:45,05F0000S,05F0055S,41,827,2
2026/07/03 12:45,05F0000S,05F0055S,42,0,0
2026/07/03 12:45,05F0000S,05F0055S,5,0,0
2026/07/03 12:45,05F0055S,05F0287S,31,2277,167
2026/07/03 12:45,05F0055S,05F0287S,32,2214,32
2026/07/03 12:45,05F0055S,05F0287S,41,2020,9
2026/07/03 12:45,05F0055S,05F0287S,42,0,0
2026/07/03 12:45,05F0055S,05F0287S,5,0,0
2026/07/03 12:45,05F0287S,05F0309S,31,92,105
2026/07/03 12:45,05F0287S,05F0309S,32,91,19
2026/07/03 12:45,05F0287S,05F0309S,41,93,4
2026/07/03 12:45,05F0287S,05F0309S,42,0,0
2026/07/03 12:45,05F0287S,05F0309S,5,0,0
2026/07/03 12:45,05F0309S,05F0439S,31,479,61
2026/07/03 12:45,05F0309S,05F0439S,32,501,23
2026/07/03 12:45,05F0309S,05F0439S,41,0,0
2026/07/03 12:45,05F0309S,05F0439S,42,518,1
2026/07/03 12:45,05F0309S,05F0439S,5,494,2
2026/07/03 12:45,05F0439S,05F0494S,31,204,41
2026/07/03 12:45,05F0439S,05F0494S,32,205,9
2026/07/03 12:45,05F0439S,05F0494S,41,0,0
2026/07/03 12:45,05F0439S,05F0494S,42,246,1
2026/07/03 12:45,05F0439S,05F0494S,5,211,2
2026/07/03 12:50,05F0000S,05F0055S,31,936,83
2026/07/03 12:50,05F0000S,05F0055S,32,941,39
2026/07/03 12:50,05F0000S,05F0055S,41,826,4
2026/07/03 12:50,05F0000S,05F0055S,42,0,0
2026/07/03 12:50,05F0000S,05F0055S,5,0,0
2026/07/03 12:50,05F0055S,05F0287S,31,2291,161
2026/07/03 12:50,05F0055S,05F0287S,32,2353,44
2026/07/03 12:50,05F0055S,05F0287S,41,1626,7
2026/07/03 12:50,05F0055S,05F0287S,42,0,0
2026/07/03 12:50,05F0055S,05F0287S,5,0,0
2026/07/03 12:50,05F0287S,05F0309S,31,91,106
2026/07/03 12:50,05F0287S,05F0309S,32,95,30
2026/07/03 12:50,05F0287S,05F0309S,41,94,6
2026/07/03 12:50,05F0287S,05F0309S,42,0,0
2026/07/03 12:50,05F0287S,05F0309S,5,0,0
2026/07/03 12:50,05F0309S,05F0439S,31,487,53
2026/07/03 12:50,05F0309S,05F0439S,32,512,10
2026/07/03 12:50,05F0309S,05F0439S,41,501,1
2026/07/03 12:50,05F0309S,05F0439S,42,0,0
2026/07/03 12:50,05F0309S,05F0439S,5,529,6
2026/07/03 12:50,05F0439S,05F0494S,31,209,30
2026/07/03 12:50,05F0439S,05F0494S,32,213,8
2026/07/03 12:50,05F0439S,05F0494S,41,233,1
2026/07/03 12:50,05F0439S,05F0494S,42,219,1
2026/07/03 12:50,05F0439S,05F0494S,5,218,2
2026/07/03 12:55,05F0000S,05F0055S,31,934,131
2026/07/03 12:55,05F0000S,05F0055S,32,937,30
2026/07/03 12:55,05F0000S,05F0055S,41,888,2
2026/07/03 12:55,05F0000S,05F0055S,42,0,0
2026/07/03 12:55,05F0000S,05F0055S,5,0,0
2026/07/03 12:55,05F0055S,05F0287S,31,2308,152
2026/07/03 12:55,05F0055S,05F0287S,32,2318,42
2026/07/03 12:55,05F0055S,05F0287S,41,1637,1
2026/07/03 12:55,05F0055S,05F0287S,42,0,0
2026/07/03 12:55,05F0055S,05F0287S,5,0,0
2026/07/03 12:55,05F0287S,05F0309S,31,91,108
2026/07/03 12:55,05F0287S,05F0309S,32,92,30
2026/07/03 12:55,05F0287S,05F0309S,41,97,3
2026/07/03 12:55,05F0287S,05F0309S,42,0,0
2026/07/03 12:55,05F0287S,05F0309S,5,0,0
2026/07/03 12:55,05F0309S,05F0439S,31,509,70
2026/07/03 12:55,05F0309S,05F0439S,32,514,17
2026/07/03 12:55,05F0309S,05F0439S,41,538,5
2026/07/03 12:55,05F0309S,05F0439S,42,0,0
2026/07/03 12:55,05F0309S,05F0439S,5,585,7
2026/07/03 12:55,05F0439S,05F0494S,31,209,39
2026/07/03 12:55,05F0439S,05F0494S,32,221,2
2026/07/03 12:55,05F0439S,05F0494S,41,0,0
2026/07/03 12:55,05F0439S,05F0494S,42,0,0
2026/07/03 12:55,05F0439S,05F0494S,5,222,3
2026/07/03 13:00,05F0000S,05F0055S,31,846,157
2026/07/03 13:00,05F0000S,05F0055S,32,830,49
2026/07/03 13:00,05F0000S,05F0055S,41,860,3
2026/07/03 13:00,05F0000S,05F0055S,42,0,0
2026/07/03 13:00,05F0000S,05F0055S,5,0,0
2026/07/03 13:00,05F0055S,05F0287S,31,2326,159
2026/07/03 13:00,05F0055S,05F0287S,32,2329,55
2026/07/03 13:00,05F0055S,05F0287S,41,0,0
2026/07/03 13:00,05F0055S,05F0287S,42,0,0
2026/07/03 13:00,05F0055S,05F0287S,5,0,0
2026/07/03 13:00,05F0287S,05F0309S,31,90,102
2026/07/03 13:00,05F0287S,05F0309S,32,93,39
2026/07/03 13:00,05F0287S,05F0309S,41,0,0
2026/07/03 13:00,05F0287S,05F0309S,42,0,0
2026/07/03 13:00,05F0287S,05F0309S,5,0,0
2026/07/03 13:00,05F0309S,05F0439S,31,494,73
2026/07/03 13:00,05F0309S,05F0439S,32,505,25
2026/07/03 13:00,05F0309S,05F0439S,41,521,3
2026/07/03 13:00,05F0309S,05F0439S,42,550,1
2026/07/03 13:00,05F0309S,05F0439S,5,540,9
2026/07/03 13:00,05F0439S,05F0494S,31,210,44
2026/07/03 13:00,05F0439S,05F0494S,32,224,10
2026/07/03 13:00,05F0439S,05F0494S,41,0,0
2026/07/03 13:00,05F0439S,05F0494S,42,0,0
2026/07/03 13:00,05F0439S,05F0494S,5,249,4
2026/07/03 13:05,05F0000S,05F0055S,31,711,145
2026/07/03 13:05,05F0000S,05F0055S,32,737,51
2026/07/03 13:05,05F0000S,05F0055S,41,766,3
2026/07/03 13:05,05F0000S,05F0055S,42,0,0
2026/07/03 13:05,05F0000S,05F0055S,5,0,0
2026/07/03 13:05,05F0055S,05F0287S,31,2044,147
2026/07/03 13:05,05F0055S,05F0287S,32,2071,49
2026/07/03 13:05,05F0055S,05F0287S,41,1574,4
2026/07/03 13:05,05F0055S,05F0287S,42,0,0
2026/07/03 13:05,05F0055S,05F0287S,5,0,0
2026/07/03 13:05,05F0287S,05F0309S,31,88,103
2026/07/03 13:05,05F0287S,05F0309S,32,93,43
2026/07/03 13:05,05F0287S,05F0309S,41,103,2
2026/07/03 13:05,05F0287S,05F0309S,42,0,0
2026/07/03 13:05,05F0287S,05F0309S,5,0,0
2026/07/03 13:05,05F0309S,05F0439S,31,490,60
2026/07/03 13:05,05F0309S,05F0439S,32,488,22
2026/07/03 13:05,05F0309S,05F0439S,41,556,1
2026/07/03 13:05,05F0309S,05F0439S,42,645,1
2026/07/03 13:05,05F0309S,05F0439S,5,496,7
2026/07/03 13:05,05F0439S,05F0494S,31,203,42
2026/07/03 13:05,05F0439S,05F0494S,32,209,12
2026/07/03 13:05,05F0439S,05F0494S,41,0,0
2026/07/03 13:05,05F0439S,05F0494S,42,0,0
2026/07/03 13:05,05F0439S,05F0494S,5,228,9
2026/07/03 13:10,05F0000S,05F0055S,31,615,157
2026/07/03 13:10,05F0000S,05F0055S,32,595,37
2026/07/03 13:10,05F0000S,05F0055S,41,660,4
2026/07/03 13:10,05F0000S,05F0055S,42,0,0
2026/07/03 13:10,05F0000S,05F0055S,5,0,0
2026/07/03 13:10,05F0055S,05F0287S,31,1784,155
2026/07/03 13:10,05F0055S,05F0287S,32,1813,42
2026/07/03 13:10,05F0055S,05F0287S,41,1536,8
2026/07/03 13:10,05F0055S,05F0287S,42,1866,1
2026/07/03 13:10,05F0055S,05F0287S,5,0,0
2026/07/03 13:10,05F0287S,05F0309S,31,91,96
2026/07/03 13:10,05F0287S,05F0309S,32,91,25
2026/07/03 13:10,05F0287S,05F0309S,41,93,5
2026/07/03 13:10,05F0287S,05F0309S,42,102,1
2026/07/03 13:10,05F0287S,05F0309S,5,0,0
2026/07/03 13:10,05F0309S,05F0439S,31,486,71
2026/07/03 13:10,05F0309S,05F0439S,32,492,25
2026/07/03 13:10,05F0309S,05F0439S,41,0,0
2026/07/03 13:10,05F0309S,05F0439S,42,560,1
2026/07/03 13:10,05F0309S,05F0439S,5,503,11
2026/07/03 13:10,05F0439S,05F0494S,31,204,32
2026/07/03 13:10,05F0439S,05F0494S,32,204,16
2026/07/03 13:10,05F0439S,05F0494S,41,0,0
2026/07/03 13:10,05F0439S,05F0494S,42,253,2
2026/07/03 13:10,05F0439S,05F0494S,5,210,8
2026/07/03 13:15,05F0000S,05F0055S,31,532,138
2026/07/03 13:15,05F0000S,05F0055S,32,538,48
2026/07/03 13:15,05F0000S,05F0055S,41,534,3
2026/07/03 13:15,05F0000S,05F0055S,42,0,0
2026/07/03 13:15,05F0000S,05F0055S,5,859,1
2026/07/03 13:15,05F0055S,05F0287S,31,1723,149
2026/07/03 13:15,05F0055S,05F0287S,32,1726,47
2026/07/03 13:15,05F0055S,05F0287S,41,1519,7
2026/07/03 13:15,05F0055S,05F0287S,42,2127,1
2026/07/03 13:15,05F0055S,05F0287S,5,0,0
2026/07/03 13:15,05F0287S,05F0309S,31,91,104
2026/07/03 13:15,05F0287S,05F0309S,32,94,29
2026/07/03 13:15,05F0287S,05F0309S,41,96,5
2026/07/03 13:15,05F0287S,05F0309S,42,0,0
2026/07/03 13:15,05F0287S,05F0309S,5,0,0
2026/07/03 13:15,05F0309S,05F0439S,31,492,68
2026/07/03 13:15,05F0309S,05F0439S,32,496,29
2026/07/03 13:15,05F0309S,05F0439S,41,542,2
2026/07/03 13:15,05F0309S,05F0439S,42,558,3
2026/07/03 13:15,05F0309S,05F0439S,5,521,5
2026/07/03 13:15,05F0439S,05F0494S,31,207,37
2026/07/03 13:15,05F0439S,05F0494S,32,218,14
2026/07/03 13:15,05F0439S,05F0494S,41,0,0
2026/07/03 13:15,05F0439S,05F0494S,42,0,0
2026/07/03 13:15,05F0439S,05F0494S,5,219,4
2026/07/03 13:20,05F0000S,05F0055S,31,488,138
2026/07/03 13:20,05F0000S,05F0055S,32,492,48
2026/07/03 13:20,05F0000S,05F0055S,41,351,2
2026/07/03 13:20,05F0000S,05F0055S,42,0,0
2026/07/03 13:20,05F0000S,05F0055S,5,0,0
2026/07/03 13:20,05F0055S,05F0287S,31,1607,161
2026/07/03 13:20,05F0055S,05F0287S,32,1627,44
2026/07/03 13:20,05F0055S,05F0287S,41,1539,3
2026/07/03 13:20,05F0055S,05F0287S,42,0,0
2026/07/03 13:20,05F0055S,05F0287S,5,0,0
2026/07/03 13:20,05F0287S,05F0309S,31,90,111
2026/07/03 13:20,05F0287S,05F0309S,32,93,34
2026/07/03 13:20,05F0287S,05F0309S,41,102,1
2026/07/03 13:20,05F0287S,05F0309S,42,0,0
2026/07/03 13:20,05F0287S,05F0309S,5,0,0
2026/07/03 13:20,05F0309S,05F0439S,31,499,58
2026/07/03 13:20,05F0309S,05F0439S,32,509,16
2026/07/03 13:20,05F0309S,05F0439S,41,527,4
2026/07/03 13:20,05F0309S,05F0439S,42,581,2
2026/07/03 13:20,05F0309S,05F0439S,5,543,9
2026/07/03 13:20,05F0439S,05F0494S,31,215,43
2026/07/03 13:20,05F0439S,05F0494S,32,211,15
2026/07/03 13:20,05F0439S,05F0494S,41,225,1
2026/07/03 13:20,05F0439S,05F0494S,42,238,2
2026/07/03 13:20,05F0439S,05F0494S,5,222,5
2026/07/03 13:25,05F0000S,05F0055S,31,447,151
2026/07/03 13:25,05F0000S,05F0055S,32,465,39
2026/07/03 13:25,05F0000S,05F0055S,41,369,3
2026/07/03 13:25,05F0000S,05F0055S,42,0,0
2026/07/03 13:25,05F0000S,05F0055S,5,0,0
2026/07/03 13:25,05F0055S,05F0287S,31,1621,136
2026/07/03 13:25,05F0055S,05F0287S,32,1628,41
2026/07/03 13:25,05F0055S,05F0287S,41,1562,5
2026/07/03 13:25,05F0055S,05F0287S,42,0,0
2026/07/03 13:25,05F0055S,05F0287S,5,0,0
2026/07/03 13:25,05F0287S,05F0309S,31,90,94
2026/07/03 13:25,05F0287S,05F0309S,32,90,26
2026/07/03 13:25,05F0287S,05F0309S,41,91,5
2026/07/03 13:25,05F0287S,05F0309S,42,0,0
2026/07/03 13:25,05F0287S,05F0309S,5,0,0
2026/07/03 13:25,05F0309S,05F0439S,31,497,90
2026/07/03 13:25,05F0309S,05F0439S,32,506,27
2026/07/03 13:25,05F0309S,05F0439S,41,563,2
2026/07/03 13:25,05F0309S,05F0439S,42,591,2
2026/07/03 13:25,05F0309S,05F0439S,5,525,9
2026/07/03 13:25,05F0439S,05F0494S,31,202,41
2026/07/03 13:25,05F0439S,05F0494S,32,213,9
2026/07/03 13:25,05F0439S,05F0494S,41,0,0
2026/07/03 13:25,05F0439S,05F0494S,42,231,1
2026/07/03 13:25,05F0439S,05F0494S,5,250,7
2026/07/03 13:30,05F0000S,05F0055S,31,381,152
2026/07/03 13:30,05F0000S,05F0055S,32,377,44
2026/07/03 13:30,05F0000S,05F0055S,41,346,3
2026/07/03 13:30,05F0000S,05F0055S,42,0,0
2026/07/03 13:30,05F0000S,05F0055S,5,0,0
2026/07/03 13:30,05F0055S,05F0287S,31,1643,157
2026/07/03 13:30,05F0055S,05F0287S,32,1647,53
2026/07/03 13:30,05F0055S,05F0287S,41,1618,5
2026/07/03 13:30,05F0055S,05F0287S,42,2161,2
2026/07/03 13:30,05F0055S,05F0287S,5,0,0
2026/07/03 13:30,05F0287S,05F0309S,31,92,108
2026/07/03 13:30,05F0287S,05F0309S,32,91,44
2026/07/03 13:30,05F0287S,05F0309S,41,95,4
2026/07/03 13:30,05F0287S,05F0309S,42,112,1
2026/07/03 13:30,05F0287S,05F0309S,5,0,0
2026/07/03 13:30,05F0309S,05F0439S,31,488,72
2026/07/03 13:30,05F0309S,05F0439S,32,506,20
2026/07/03 13:30,05F0309S,05F0439S,41,523,3
2026/07/03 13:30,05F0309S,05F0439S,42,534,2
2026/07/03 13:30,05F0309S,05F0439S,5,507,11
2026/07/03 13:30,05F0439S,05F0494S,31,212,41
2026/07/03 13:30,05F0439S,05F0494S,32,213,16
2026/07/03 13:30,05F0439S,05F0494S,41,0,0
2026/07/03 13:30,05F0439S,05F0494S,42,280,1
2026/07/03 13:30,05F0439S,05F0494S,5,213,8
2026/07/03 13:35,05F0000S,05F0055S,31,339,150
2026/07/03 13:35,05F0000S,05F0055S,32,346,44
2026/07/03 13:35,05F0000S,05F0055S,41,321,5
2026/07/03 13:35,05F0000S,05F0055S,42,0,0
2026/07/03 13:35,05F0000S,05F0055S,5,0,0
2026/07/03 13:35,05F0055S,05F0287S,31,1678,157
2026/07/03 13:35,05F0055S,05F0287S,32,1676,49
2026/07/03 13:35,05F0055S,05F0287S,41,1631,4
2026/07/03 13:35,05F0055S,05F0287S,42,0,0
2026/07/03 13:35,05F0055S,05F0287S,5,0,0
2026/07/03 13:35,05F0287S,05F0309S,31,89,105
2026/07/03 13:35,05F0287S,05F0309S,32,90,40
2026/07/03 13:35,05F0287S,05F0309S,41,97,3
2026/07/03 13:35,05F0287S,05F0309S,42,0,0
2026/07/03 13:35,05F0287S,05F0309S,5,0,0
2026/07/03 13:35,05F0309S,05F0439S,31,482,62
2026/07/03 13:35,05F0309S,05F0439S,32,498,18
2026/07/03 13:35,05F0309S,05F0439S,41,529,2
2026/07/03 13:35,05F0309S,05F0439S,42,554,1
2026/07/03 13:35,05F0309S,05F0439S,5,549,3
2026/07/03 13:35,05F0439S,05F0494S,31,208,43
2026/07/03 13:35,05F0439S,05F0494S,32,217,10
2026/07/03 13:35,05F0439S,05F0494S,41,0,0
2026/07/03 13:35,05F0439S,05F0494S,42,0,0
2026/07/03 13:35,05F0439S,05F0494S,5,208,8
2026/07/03 13:40,05F0000S,05F0055S,31,329,156
2026/07/03 13:40,05F0000S,05F0055S,32,329,36
2026/07/03 13:40,05F0000S,05F0055S,41,0,0
2026/07/03 13:40,05F0000S,05F0055S,42,0,0
2026/07/03 13:40,05F0000S,05F0055S,5,0,0
2026/07/03 13:40,05F0055S,05F0287S,31,1700,130
2026/07/03 13:40,05F0055S,05F0287S,32,1701,40
2026/07/03 13:40,05F0055S,05F0287S,41,1633,8
2026/07/03 13:40,05F0055S,05F0287S,42,0,0
2026/07/03 13:40,05F0055S,05F0287S,5,0,0
2026/07/03 13:40,05F0287S,05F0309S,31,92,101
2026/07/03 13:40,05F0287S,05F0309S,32,91,28
2026/07/03 13:40,05F0287S,05F0309S,41,95,6
2026/07/03 13:40,05F0287S,05F0309S,42,0,0
2026/07/03 13:40,05F0287S,05F0309S,5,0,0
2026/07/03 13:40,05F0309S,05F0439S,31,496,74
2026/07/03 13:40,05F0309S,05F0439S,32,511,37
2026/07/03 13:40,05F0309S,05F0439S,41,526,2
2026/07/03 13:40,05F0309S,05F0439S,42,553,2
2026/07/03 13:40,05F0309S,05F0439S,5,570,6
2026/07/03 13:40,05F0439S,05F0494S,31,202,39
2026/07/03 13:40,05F0439S,05F0494S,32,202,15
2026/07/03 13:40,05F0439S,05F0494S,41,251,1
2026/07/03 13:40,05F0439S,05F0494S,42,0,0
2026/07/03 13:40,05F0439S,05F0494S,5,239,2
2026/07/03 13:45,05F0000S,05F0055S,31,320,143
2026/07/03 13:45,05F0000S,05F0055S,32,313,39
2026/07/03 13:45,05F0000S,05F0055S,41,0,0
2026/07/03 13:45,05F0000S,05F0055S,42,0,0
2026/07/03 13:45,05F0000S,05F0055S,5,0,0
2026/07/03 13:45,05F0055S,05F0287S,31,1758,130
2026/07/03 13:45,05F0055S,05F0287S,32,1759,43
2026/07/03 13:45,05F0055S,05F0287S,41,1737,3
2026/07/03 13:45,05F0055S,05F0287S,42,0,0
2026/07/03 13:45,05F0055S,05F0287S,5,0,0
2026/07/03 13:45,05F0287S,05F0309S,31,92,97
2026/07/03 13:45,05F0287S,05F0309S,32,92,32
2026/07/03 13:45,05F0287S,05F0309S,41,104,6
2026/07/03 13:45,05F0287S,05F0309S,42,0,0
2026/07/03 13:45,05F0287S,05F0309S,5,0,0
2026/07/03 13:45,05F0309S,05F0439S,31,494,77
2026/07/03 13:45,05F0309S,05F0439S,32,508,27
2026/07/03 13:45,05F0309S,05F0439S,41,464,2
2026/07/03 13:45,05F0309S,05F0439S,42,586,1
2026/07/03 13:45,05F0309S,05F0439S,5,562,4
2026/07/03 13:45,05F0439S,05F0494S,31,208,36
2026/07/03 13:45,05F0439S,05F0494S,32,217,20
2026/07/03 13:45,05F0439S,05F0494S,41,0,0
2026/07/03 13:45,05F0439S,05F0494S,42,207,1
2026/07/03 13:45,05F0439S,05F0494S,5,232,6
2026/07/03 13:50,05F0000S,05F0055S,31,352,140
2026/07/03 13:50,05F0000S,05F0055S,32,355,34
2026/07/03 13:50,05F0000S,05F0055S,41,0,0
2026/07/03 13:50,05F0000S,05F0055S,42,1094,1
2026/07/03 13:50,05F0000S,05F0055S,5,0,0
2026/07/03 13:50,05F0055S,05F0287S,31,1793,153
2026/07/03 13:50,05F0055S,05F0287S,32,1794,45
2026/07/03 13:50,05F0055S,05F0287S,41,1730,6
2026/07/03 13:50,05F0055S,05F0287S,42,0,0
2026/07/03 13:50,05F0055S,05F0287S,5,0,0
2026/07/03 13:50,05F0287S,05F0309S,31,91,106
2026/07/03 13:50,05F0287S,05F0309S,32,92,38
2026/07/03 13:50,05F0287S,05F0309S,41,94,6
2026/07/03 13:50,05F0287S,05F0309S,42,0,0
2026/07/03 13:50,05F0287S,05F0309S,5,0,0
2026/07/03 13:50,05F0309S,05F0439S,31,491,86
2026/07/03 13:50,05F0309S,05F0439S,32,498,17
2026/07/03 13:50,05F0309S,05F0439S,41,530,5
2026/07/03 13:50,05F0309S,05F0439S,42,0,0
2026/07/03 13:50,05F0309S,05F0439S,5,493,4
2026/07/03 13:50,05F0439S,05F0494S,31,215,50
2026/07/03 13:50,05F0439S,05F0494S,32,215,16
2026/07/03 13:50,05F0439S,05F0494S,41,0,0
2026/07/03 13:50,05F0439S,05F0494S,42,0,0
2026/07/03 13:50,05F0439S,05F0494S,5,226,2
2026/07/03 13:55,05F0000S,05F0055S,31,387,139
2026/07/03 13:55,05F0000S,05F0055S,32,385,46
2026/07/03 13:55,05F0000S,05F0055S,41,376,5
2026/07/03 13:55,05F0000S,05F0055S,42,364,1
2026/07/03 13:55,05F0000S,05F0055S,5,0,0
2026/07/03 13:55,05F0055S,05F0287S,31,1792,154
2026/07/03 13:55,05F0055S,05F0287S,32,1792,43
2026/07/03 13:55,05F0055S,05F0287S,41,1727,4
2026/07/03 13:55,05F0055S,05F0287S,42,0,0
2026/07/03 13:55,05F0055S,05F0287S,5,0,0
2026/07/03 13:55,05F0287S,05F0309S,31,91,109
2026/07/03 13:55,05F0287S,05F0309S,32,93,25
2026/07/03 13:55,05F0287S,05F0309S,41,98,3
2026/07/03 13:55,05F0287S,05F0309S,42,0,0
2026/07/03 13:55,05F0287S,05F0309S,5,0,0
2026/07/03 13:55,05F0309S,05F0439S,31,490,79
2026/07/03 13:55,05F0309S,05F0439S,32,492,19
2026/07/03 13:55,05F0309S,05F0439S,41,574,3
2026/07/03 13:55,05F0309S,05F0439S,42,560,1
2026/07/03 13:55,05F0309S,05F0439S,5,534,5
2026/07/03 13:55,05F0439S,05F0494S,31,205,42
2026/07/03 13:55,05F0439S,05F0494S,32,216,12
2026/07/03 13:55,05F0439S,05F0494S,41,1168,2
2026/07/03 13:55,05F0439S,05F0494S,42,238,1
2026/07/03 13:55,05F0439S,05F0494S,5,203,3
2026/07/03 14:00,05F0000S,05F0055S,31,308,146
2026/07/03 14:00,05F0000S,05F0055S,32,293,57
2026/07/03 14:00,05F0000S,05F0055S,41,363,3
2026/07/03 14:00,05F0000S,05F0055S,42,0,0
2026/07/03 14:00,05F0000S,05F0055S,5,0,0
2026/07/03 14:00,05F0055S,05F0287S,31,1821,140
2026/07/03 14:00,05F0055S,05F0287S,32,1814,32
2026/07/03 14:00,05F0055S,05F0287S,41,1758,11
2026/07/03 14:00,05F0055S,05F0287S,42,0,0
2026/07/03 14:00,05F0055S,05F0287S,5,0,0
2026/07/03 14:00,05F0287S,05F0309S,31,87,97
2026/07/03 14:00,05F0287S,05F0309S,32,90,34
2026/07/03 14:00,05F0287S,05F0309S,41,94,3
2026/07/03 14:00,05F0287S,05F0309S,42,0,0
2026/07/03 14:00,05F0287S,05F0309S,5,0,0
2026/07/03 14:00,05F0309S,05F0439S,31,491,69
2026/07/03 14:00,05F0309S,05F0439S,32,504,26
2026/07/03 14:00,05F0309S,05F0439S,41,542,2
2026/07/03 14:00,05F0309S,05F0439S,42,0,0
2026/07/03 14:00,05F0309S,05F0439S,5,513,12
2026/07/03 14:00,05F0439S,05F0494S,31,209,41
2026/07/03 14:00,05F0439S,05F0494S,32,215,8
2026/07/03 14:00,05F0439S,05F0494S,41,0,0
2026/07/03 14:00,05F0439S,05F0494S,42,0,0
2026/07/03 14:00,05F0439S,05F0494S,5,215,8
2026/07/03 14:05,05F0000S,05F0055S,31,264,131
2026/07/03 14:05,05F0000S,05F0055S,32,266,31
2026/07/03 14:05,05F0000S,05F0055S,41,292,4
2026/07/03 14:05,05F0000S,05F0055S,42,0,0
2026/07/03 14:05,05F0000S,05F0055S,5,0,0
2026/07/03 14:05,05F0055S,05F0287S,31,1862,153
2026/07/03 14:05,05F0055S,05F0287S,32,1874,47
2026/07/03 14:05,05F0055S,05F0287S,41,1748,3
2026/07/03 14:05,05F0055S,05F0287S,42,0,0
2026/07/03 14:05,05F0055S,05F0287S,5,0,0
2026/07/03 14:05,05F0287S,05F0309S,31,91,109
2026/07/03 14:05,05F0287S,05F0309S,32,94,27
2026/07/03 14:05,05F0287S,05F0309S,41,102,4
2026/07/03 14:05,05F0287S,05F0309S,42,0,0
2026/07/03 14:05,05F0287S,05F0309S,5,0,0
2026/07/03 14:05,05F0309S,05F0439S,31,499,101
2026/07/03 14:05,05F0309S,05F0439S,32,515,23
2026/07/03 14:05,05F0309S,05F0439S,41,565,2
2026/07/03 14:05,05F0309S,05F0439S,42,0,0
2026/07/03 14:05,05F0309S,05F0439S,5,534,1
2026/07/03 14:05,05F0439S,05F0494S,31,207,51
2026/07/03 14:05,05F0439S,05F0494S,32,212,14
2026/07/03 14:05,05F0439S,05F0494S,41,0,0
2026/07/03 14:05,05F0439S,05F0494S,42,0,0
2026/07/03 14:05,05F0439S,05F0494S,5,217,8
2026/07/03 14:10,05F0000S,05F0055S,31,265,136
2026/07/03 14:10,05F0000S,05F0055S,32,268,43
2026/07/03 14:10,05F0000S,05F0055S,41,259,1
2026/07/03 14:10,05F0000S,05F0055S,42,0,0
2026/07/03 14:10,05F0000S,05F0055S,5,0,0
2026/07/03 14:10,05F0055S,05F0287S,31,1873,157
2026/07/03 14:10,05F0055S,05F0287S,32,1882,44
2026/07/03 14:10,05F0055S,05F0287S,41,0,0
2026/07/03 14:10,05F0055S,05F0287S,42,0,0
2026/07/03 14:10,05F0055S,05F0287S,5,0,0
2026/07/03 14:10,05F0287S,05F0309S,31,91,93
2026/07/03 14:10,05F0287S,05F0309S,32,91,37
2026/07/03 14:10,05F0287S,05F0309S,41,99,1
2026/07/03 14:10,05F0287S,05F0309S,42,106,1
2026/07/03 14:10,05F0287S,05F0309S,5,0,0
2026/07/03 14:10,05F0309S,05F0439S,31,485,62
2026/07/03 14:10,05F0309S,05F0439S,32,488,21
2026/07/03 14:10,05F0309S,05F0439S,41,527,3
2026/07/03 14:10,05F0309S,05F0439S,42,0,0
2026/07/03 14:10,05F0309S,05F0439S,5,507,7
2026/07/03 14:10,05F0439S,05F0494S,31,211,40
2026/07/03 14:10,05F0439S,05F0494S,32,213,15
2026/07/03 14:10,05F0439S,05F0494S,41,0,0
2026/07/03 14:10,05F0439S,05F0494S,42,261,1
2026/07/03 14:10,05F0439S,05F0494S,5,203,2
2026/07/03 14:15,05F0000S,05F0055S,31,257,120
2026/07/03 14:15,05F0000S,05F0055S,32,266,32
2026/07/03 14:15,05F0000S,05F0055S,41,268,3
2026/07/03 14:15,05F0000S,05F0055S,42,0,0
2026/07/03 14:15,05F0000S,05F0055S,5,0,0
2026/07/03 14:15,05F0055S,05F0287S,31,1899,156
2026/07/03 14:15,05F0055S,05F0287S,32,1905,39
2026/07/03 14:15,05F0055S,05F0287S,41,1845,3
2026/07/03 14:15,05F0055S,05F0287S,42,0,0
2026/07/03 14:15,05F0055S,05F0287S,5,0,0
2026/07/03 14:15,05F0287S,05F0309S,31,90,111
2026/07/03 14:15,05F0287S,05F0309S,32,92,29
2026/07/03 14:15,05F0287S,05F0309S,41,96,1
2026/07/03 14:15,05F0287S,05F0309S,42,0,0
2026/07/03 14:15,05F0287S,05F0309S,5,0,0
2026/07/03 14:15,05F0309S,05F0439S,31,492,72
2026/07/03 14:15,05F0309S,05F0439S,32,501,28
2026/07/03 14:15,05F0309S,05F0439S,41,550,5
2026/07/03 14:15,05F0309S,05F0439S,42,543,1
2026/07/03 14:15,05F0309S,05F0439S,5,500,5
2026/07/03 14:15,05F0439S,05F0494S,31,204,40
2026/07/03 14:15,05F0439S,05F0494S,32,209,17
2026/07/03 14:15,05F0439S,05F0494S,41,226,3
2026/07/03 14:15,05F0439S,05F0494S,42,2753,1
2026/07/03 14:15,05F0439S,05F0494S,5,225,3
2026/07/03 14:20,05F0000S,05F0055S,31,258,138
2026/07/03 14:20,05F0000S,05F0055S,32,255,36
2026/07/03 14:20,05F0000S,05F0055S,41,266,3
2026/07/03 14:20,05F0000S,05F0055S,42,0,0
2026/07/03 14:20,05F0000S,05F0055S,5,0,0
2026/07/03 14:20,05F0055S,05F0287S,31,1941,145
2026/07/03 14:20,05F0055S,05F0287S,32,1952,42
2026/07/03 14:20,05F0055S,05F0287S,41,1796,3
2026/07/03 14:20,05F0055S,05F0287S,42,0,0
2026/07/03 14:20,05F0055S,05F0287S,5,0,0
2026/07/03 14:20,05F0287S,05F0309S,31,89,84
2026/07/03 14:20,05F0287S,05F0309S,32,92,31
2026/07/03 14:20,05F0287S,05F0309S,41,97,5
2026/07/03 14:20,05F0287S,05F0309S,42,0,0
2026/07/03 14:20,05F0287S,05F0309S,5,0,0
2026/07/03 14:20,05F0309S,05F0439S,31,494,65
2026/07/03 14:20,05F0309S,05F0439S,32,502,32
2026/07/03 14:20,05F0309S,05F0439S,41,0,0
2026/07/03 14:20,05F0309S,05F0439S,42,517,7
2026/07/03 14:20,05F0309S,05F0439S,5,515,2
2026/07/03 14:20,05F0439S,05F0494S,31,209,46
2026/07/03 14:20,05F0439S,05F0494S,32,202,9
2026/07/03 14:20,05F0439S,05F0494S,41,0,0
2026/07/03 14:20,05F0439S,05F0494S,42,227,3
2026/07/03 14:20,05F0439S,05F0494S,5,207,8
2026/07/03 14:25,05F0000S,05F0055S,31,275,133
2026/07/03 14:25,05F0000S,05F0055S,32,276,54
2026/07/03 14:25,05F0000S,05F0055S,41,286,3
2026/07/03 14:25,05F0000S,05F0055S,42,0,0
2026/07/03 14:25,05F0000S,05F0055S,5,0,0
2026/07/03 14:25,05F0055S,05F0287S,31,1991,125
2026/07/03 14:25,05F0055S,05F0287S,32,1991,48
2026/07/03 14:25,05F0055S,05F0287S,41,1814,5
2026/07/03 14:25,05F0055S,05F0287S,42,1815,2
2026/07/03 14:25,05F0055S,05F0287S,5,0,0
2026/07/03 14:25,05F0287S,05F0309S,31,92,86
2026/07/03 14:25,05F0287S,05F0309S,32,95,37
2026/07/03 14:25,05F0287S,05F0309S,41,97,5
2026/07/03 14:25,05F0287S,05F0309S,42,0,0
2026/07/03 14:25,05F0287S,05F0309S,5,0,0
2026/07/03 14:25,05F0309S,05F0439S,31,501,83
2026/07/03 14:25,05F0309S,05F0439S,32,511,25
2026/07/03 14:25,05F0309S,05F0439S,41,540,5
2026/07/03 14:25,05F0309S,05F0439S,42,0,0
2026/07/03 14:25,05F0309S,05F0439S,5,521,4
2026/07/03 14:25,05F0439S,05F0494S,31,203,33
2026/07/03 14:25,05F0439S,05F0494S,32,204,9
2026/07/03 14:25,05F0439S,05F0494S,41,225,2
2026/07/03 14:25,05F0439S,05F0494S,42,244,2
2026/07/03 14:25,05F0439S,05F0494S,5,250,2
2026/07/03 14:30,05F0000S,05F0055S,31,279,119
2026/07/03 14:30,05F0000S,05F0055S,32,277,43
2026/07/03 14:30,05F0000S,05F0055S,41,291,3
2026/07/03 14:30,05F0000S,05F0055S,42,0,0
2026/07/03 14:30,05F0000S,05F0055S,5,0,0
2026/07/03 14:30,05F0055S,05F0287S,31,2039,139
2026/07/03 14:30,05F0055S,05F0287S,32,2037,42
2026/07/03 14:30,05F0055S,05F0287S,41,1768,7
2026/07/03 14:30,05F0055S,05F0287S,42,0,0
2026/07/03 14:30,05F0055S,05F0287S,5,0,0
2026/07/03 14:30,05F0287S,05F0309S,31,90,85
2026/07/03 14:30,05F0287S,05F0309S,32,91,34
2026/07/03 14:30,05F0287S,05F0309S,41,96,3
2026/07/03 14:30,05F0287S,05F0309S,42,0,0
2026/07/03 14:30,05F0287S,05F0309S,5,0,0
2026/07/03 14:30,05F0309S,05F0439S,31,485,74
2026/07/03 14:30,05F0309S,05F0439S,32,481,21
2026/07/03 14:30,05F0309S,05F0439S,41,525,1
2026/07/03 14:30,05F0309S,05F0439S,42,0,0
2026/07/03 14:30,05F0309S,05F0439S,5,513,3
2026/07/03 14:30,05F0439S,05F0494S,31,210,47
2026/07/03 14:30,05F0439S,05F0494S,32,209,19
2026/07/03 14:30,05F0439S,05F0494S,41,209,1
2026/07/03 14:30,05F0439S,05F0494S,42,0,0
2026/07/03 14:30,05F0439S,05F0494S,5,215,5
2026/07/03 14:35,05F0000S,05F0055S,31,279,148
2026/07/03 14:35,05F0000S,05F0055S,32,278,44
2026/07/03 14:35,05F0000S,05F0055S,41,284,7
2026/07/03 14:35,05F0000S,05F0055S,42,0,0
2026/07/03 14:35,05F0000S,05F0055S,5,0,0
2026/07/03 14:35,05F0055S,05F0287S,31,2062,147
2026/07/03 14:35,05F0055S,05F0287S,32,2055,55
2026/07/03 14:35,05F0055S,05F0287S,41,1735,2
2026/07/03 14:35,05F0055S,05F0287S,42,0,0
2026/07/03 14:35,05F0055S,05F0287S,5,0,0
2026/07/03 14:35,05F0287S,05F0309S,31,91,97
2026/07/03 14:35,05F0287S,05F0309S,32,92,35
2026/07/03 14:35,05F0287S,05F0309S,41,94,4
2026/07/03 14:35,05F0287S,05F0309S,42,0,0
2026/07/03 14:35,05F0287S,05F0309S,5,0,0
2026/07/03 14:35,05F0309S,05F0439S,31,494,38
2026/07/03 14:35,05F0309S,05F0439S,32,511,23
2026/07/03 14:35,05F0309S,05F0439S,41,544,2
2026/07/03 14:35,05F0309S,05F0439S,42,606,1
2026/07/03 14:35,05F0309S,05F0439S,5,538,3
2026/07/03 14:35,05F0439S,05F0494S,31,207,33
2026/07/03 14:35,05F0439S,05F0494S,32,202,8
2026/07/03 14:35,05F0439S,05F0494S,41,0,0
2026/07/03 14:35,05F0439S,05F0494S,42,0,0
2026/07/03 14:35,05F0439S,05F0494S,5,211,1
2026/07/03 14:40,05F0000S,05F0055S,31,282,151
2026/07/03 14:40,05F0000S,05F0055S,32,278,27
2026/07/03 14:40,05F0000S,05F0055S,41,273,4
2026/07/03 14:40,05F0000S,05F0055S,42,0,0
2026/07/03 14:40,05F0000S,05F0055S,5,0,0
2026/07/03 14:40,05F0055S,05F0287S,31,2001,165
2026/07/03 14:40,05F0055S,05F0287S,32,1998,43
2026/07/03 14:40,05F0055S,05F0287S,41,1712,2
2026/07/03 14:40,05F0055S,05F0287S,42,0,0
2026/07/03 14:40,05F0055S,05F0287S,5,0,0
2026/07/03 14:40,05F0287S,05F0309S,31,92,113
2026/07/03 14:40,05F0287S,05F0309S,32,92,38
2026/07/03 14:40,05F0287S,05F0309S,41,90,1
2026/07/03 14:40,05F0287S,05F0309S,42,0,0
2026/07/03 14:40,05F0287S,05F0309S,5,0,0
2026/07/03 14:40,05F0309S,05F0439S,31,495,70
2026/07/03 14:40,05F0309S,05F0439S,32,510,31
2026/07/03 14:40,05F0309S,05F0439S,41,516,2
2026/07/03 14:40,05F0309S,05F0439S,42,0,0
2026/07/03 14:40,05F0309S,05F0439S,5,504,7
2026/07/03 14:40,05F0439S,05F0494S,31,208,38
2026/07/03 14:40,05F0439S,05F0494S,32,221,7
2026/07/03 14:40,05F0439S,05F0494S,41,0,0
2026/07/03 14:40,05F0439S,05F0494S,42,244,1
2026/07/03 14:40,05F0439S,05F0494S,5,211,3
2026/07/03 14:45,05F0000S,05F0055S,31,290,140
2026/07/03 14:45,05F0000S,05F0055S,32,299,29
2026/07/03 14:45,05F0000S,05F0055S,41,307,5
2026/07/03 14:45,05F0000S,05F0055S,42,0,0
2026/07/03 14:45,05F0000S,05F0055S,5,0,0
2026/07/03 14:45,05F0055S,05F0287S,31,1982,139
2026/07/03 14:45,05F0055S,05F0287S,32,1987,44
2026/07/03 14:45,05F0055S,05F0287S,41,1731,4
2026/07/03 14:45,05F0055S,05F0287S,42,0,0
2026/07/03 14:45,05F0055S,05F0287S,5,0,0
2026/07/03 14:45,05F0287S,05F0309S,31,90,94
2026/07/03 14:45,05F0287S,05F0309S,32,91,34
2026/07/03 14:45,05F0287S,05F0309S,41,96,2
2026/07/03 14:45,05F0287S,05F0309S,42,0,0
2026/07/03 14:45,05F0287S,05F0309S,5,0,0
2026/07/03 14:45,05F0309S,05F0439S,31,483,69
2026/07/03 14:45,05F0309S,05F0439S,32,496,28
2026/07/03 14:45,05F0309S,05F0439S,41,522,3
2026/07/03 14:45,05F0309S,05F0439S,42,0,0
2026/07/03 14:45,05F0309S,05F0439S,5,545,5
2026/07/03 14:45,05F0439S,05F0494S,31,206,42
2026/07/03 14:45,05F0439S,05F0494S,32,207,15
2026/07/03 14:45,05F0439S,05F0494S,41,0,0
2026/07/03 14:45,05F0439S,05F0494S,42,0,0
2026/07/03 14:45,05F0439S,05F0494S,5,203,4
2026/07/03 14:50,05F0000S,05F0055S,31,270,146
2026/07/03 14:50,05F0000S,05F0055S,32,272,39
2026/07/03 14:50,05F0000S,05F0055S,41,277,3
2026/07/03 14:50,05F0000S,05F0055S,42,0,0
2026/07/03 14:50,05F0000S,05F0055S,5,0,0
2026/07/03 14:50,05F0055S,05F0287S,31,1973,155
2026/07/03 14:50,05F0055S,05F0287S,32,1964,40
2026/07/03 14:50,05F0055S,05F0287S,41,1754,2
2026/07/03 14:50,05F0055S,05F0287S,42,0,0
2026/07/03 14:50,05F0055S,05F0287S,5,0,0
2026/07/03 14:50,05F0287S,05F0309S,31,89,97
2026/07/03 14:50,05F0287S,05F0309S,32,90,28
2026/07/03 14:50,05F0287S,05F0309S,41,93,2
2026/07/03 14:50,05F0287S,05F0309S,42,0,0
2026/07/03 14:50,05F0287S,05F0309S,5,0,0
2026/07/03 14:50,05F0309S,05F0439S,31,488,61
2026/07/03 14:50,05F0309S,05F0439S,32,496,27
2026/07/03 14:50,05F0309S,05F0439S,41,542,1
2026/07/03 14:50,05F0309S,05F0439S,42,563,3
2026/07/03 14:50,05F0309S,05F0439S,5,536,4
2026/07/03 14:50,05F0439S,05F0494S,31,203,44
2026/07/03 14:50,05F0439S,05F0494S,32,210,20
2026/07/03 14:50,05F0439S,05F0494S,41,0,0
2026/07/03 14:50,05F0439S,05F0494S,42,228,4
2026/07/03 14:50,05F0439S,05F0494S,5,232,2
2026/07/03 14:55,05F0000S,05F0055S,31,269,131
2026/07/03 14:55,05F0000S,05F0055S,32,271,42
2026/07/03 14:55,05F0000S,05F0055S,41,279,7
2026/07/03 14:55,05F0000S,05F0055S,42,0,0
2026/07/03 14:55,05F0000S,05F0055S,5,0,0
2026/07/03 14:55,05F0055S,05F0287S,31,1920,157
2026/07/03 14:55,05F0055S,05F0287S,32,1920,51
2026/07/03 14:55,05F0055S,05F0287S,41,1732,3
2026/07/03 14:55,05F0055S,05F0287S,42,0,0
2026/07/03 14:55,05F0055S,05F0287S,5,0,0
2026/07/03 14:55,05F0287S,05F0309S,31,93,111
2026/07/03 14:55,05F0287S,05F0309S,32,95,41
2026/07/03 14:55,05F0287S,05F0309S,41,103,3
2026/07/03 14:55,05F0287S,05F0309S,42,0,0
2026/07/03 14:55,05F0287S,05F0309S,5,0,0
2026/07/03 14:55,05F0309S,05F0439S,31,497,74
2026/07/03 14:55,05F0309S,05F0439S,32,517,27
2026/07/03 14:55,05F0309S,05F0439S,41,532,3
2026/07/03 14:55,05F0309S,05F0439S,42,541,2
2026/07/03 14:55,05F0309S,05F0439S,5,502,3
2026/07/03 14:55,05F0439S,05F0494S,31,210,35
2026/07/03 14:55,05F0439S,05F0494S,32,220,14
2026/07/03 14:55,05F0439S,05F0494S,41,0,0
2026/07/03 14:55,05F0439S,05F0494S,42,212,2
2026/07/03 14:55,05F0439S,05F0494S,5,227,3
2026/07/03 15:00,05F0000S,05F0055S,31,287,139
2026/07/03 15:00,05F0000S,05F0055S,32,287,45
2026/07/03 15:00,05F0000S,05F0055S,41,287,6
2026/07/03 15:00,05F0000S,05F0055S,42,0,0
2026/07/03 15:00,05F0000S,05F0055S,5,0,0
2026/07/03 15:00,05F0055S,05F0287S,31,1916,134
2026/07/03 15:00,05F0055S,05F0287S,32,1916,52
2026/07/03 15:00,05F0055S,05F0287S,41,1737,3
2026/07/03 15:00,05F0055S,05F0287S,42,0,0
2026/07/03 15:00,05F0055S,05F0287S,5,0,0
2026/07/03 15:00,05F0287S,05F0309S,31,91,92
2026/07/03 15:00,05F0287S,05F0309S,32,95,40
2026/07/03 15:00,05F0287S,05F0309S,41,101,3
2026/07/03 15:00,05F0287S,05F0309S,42,0,0
2026/07/03 15:00,05F0287S,05F0309S,5,0,0
2026/07/03 15:00,05F0309S,05F0439S,31,480,85
2026/07/03 15:00,05F0309S,05F0439S,32,503,15
2026/07/03 15:00,05F0309S,05F0439S,41,0,0
2026/07/03 15:00,05F0309S,05F0439S,42,626,1
2026/07/03 15:00,05F0309S,05F0439S,5,491,1
2026/07/03 15:00,05F0439S,05F0494S,31,211,44
2026/07/03 15:00,05F0439S,05F0494S,32,214,11
2026/07/03 15:00,05F0439S,05F0494S,41,219,2
2026/07/03 15:00,05F0439S,05F0494S,42,0,0
2026/07/03 15:00,05F0439S,05F0494S,5,207,5
2026/07/03 15:05,05F0000S,05F0055S,31,277,160
2026/07/03 15:05,05F0000S,05F0055S,32,271,45
2026/07/03 15:05,05F0000S,05F0055S,41,270,2
2026/07/03 15:05,05F0000S,05F0055S,42,0,0
2026/07/03 15:05,05F0000S,05F0055S,5,0,0
2026/07/03 15:05,05F0055S,05F0287S,31,1906,141
2026/07/03 15:05,05F0055S,05F0287S,32,1906,45
2026/07/03 15:05,05F0055S,05F0287S,41,1829,8
2026/07/03 15:05,05F0055S,05F0287S,42,0,0
2026/07/03 15:05,05F0055S,05F0287S,5,0,0
2026/07/03 15:05,05F0287S,05F0309S,31,89,94
2026/07/03 15:05,05F0287S,05F0309S,32,90,36
2026/07/03 15:05,05F0287S,05F0309S,41,93,4
2026/07/03 15:05,05F0287S,05F0309S,42,0,0
2026/07/03 15:05,05F0287S,05F0309S,5,0,0
2026/07/03 15:05,05F0309S,05F0439S,31,490,85
2026/07/03 15:05,05F0309S,05F0439S,32,488,26
2026/07/03 15:05,05F0309S,05F0439S,41,531,1
2026/07/03 15:05,05F0309S,05F0439S,42,546,2
2026/07/03 15:05,05F0309S,05F0439S,5,517,4
2026/07/03 15:05,05F0439S,05F0494S,31,207,44
2026/07/03 15:05,05F0439S,05F0494S,32,204,10
2026/07/03 15:05,05F0439S,05F0494S,41,0,0
2026/07/03 15:05,05F0439S,05F0494S,42,0,0
2026/07/03 15:05,05F0439S,05F0494S,5,204,1
2026/07/03 15:10,05F0000S,05F0055S,31,263,128
2026/07/03 15:10,05F0000S,05F0055S,32,263,33
2026/07/03 15:10,05F0000S,05F0055S,41,265,5
2026/07/03 15:10,05F0000S,05F0055S,42,0,0
2026/07/03 15:10,05F0000S,05F0055S,5,0,0
2026/07/03 15:10,05F0055S,05F0287S,31,1894,173
2026/07/03 15:10,05F0055S,05F0287S,32,1897,40
2026/07/03 15:10,05F0055S,05F0287S,41,1801,3
2026/07/03 15:10,05F0055S,05F0287S,42,0,0
2026/07/03 15:10,05F0055S,05F0287S,5,0,0
2026/07/03 15:10,05F0287S,05F0309S,31,90,101
2026/07/03 15:10,05F0287S,05F0309S,32,92,29
2026/07/03 15:10,05F0287S,05F0309S,41,101,6
2026/07/03 15:10,05F0287S,05F0309S,42,89,1
2026/07/03 15:10,05F0287S,05F0309S,5,0,0
2026/07/03 15:10,05F0309S,05F0439S,31,477,60
2026/07/03 15:10,05F0309S,05F0439S,32,502,25
2026/07/03 15:10,05F0309S,05F0439S,41,520,2
2026/07/03 15:10,05F0309S,05F0439S,42,0,0
2026/07/03 15:10,05F0309S,05F0439S,5,517,5
2026/07/03 15:10,05F0439S,05F0494S,31,204,37
2026/07/03 15:10,05F0439S,05F0494S,32,197,17
2026/07/03 15:10,05F0439S,05F0494S,41,0,0
2026/07/03 15:10,05F0439S,05F0494S,42,193,1
2026/07/03 15:10,05F0439S,05F0494S,5,208,3
2026/07/03 15:15,05F0000S,05F0055S,31,271,143
2026/07/03 15:15,05F0000S,05F0055S,32,272,40
2026/07/03 15:15,05F0000S,05F0055S,41,272,4
2026/07/03 15:15,05F0000S,05F0055S,42,0,0
2026/07/03 15:15,05F0000S,05F0055S,5,0,0
2026/07/03 15:15,05F0055S,05F0287S,31,1885,155
2026/07/03 15:15,05F0055S,05F0287S,32,1886,29
2026/07/03 15:15,05F0055S,05F0287S,41,1785,5
2026/07/03 15:15,05F0055S,05F0287S,42,0,0
2026/07/03 15:15,05F0055S,05F0287S,5,0,0
2026/07/03 15:15,05F0287S,05F0309S,31,89,117
2026/07/03 15:15,05F0287S,05F0309S,32,95,15
2026/07/03 15:15,05F0287S,05F0309S,41,97,2
2026/07/03 15:15,05F0287S,05F0309S,42,0,0
2026/07/03 15:15,05F0287S,05F0309S,5,0,0
2026/07/03 15:15,05F0309S,05F0439S,31,480,62
2026/07/03 15:15,05F0309S,05F0439S,32,474,19
2026/07/03 15:15,05F0309S,05F0439S,41,548,3
2026/07/03 15:15,05F0309S,05F0439S,42,561,1
2026/07/03 15:15,05F0309S,05F0439S,5,557,1
2026/07/03 15:15,05F0439S,05F0494S,31,196,30
2026/07/03 15:15,05F0439S,05F0494S,32,208,15
2026/07/03 15:15,05F0439S,05F0494S,41,0,0
2026/07/03 15:15,05F0439S,05F0494S,42,0,0
2026/07/03 15:15,05F0439S,05F0494S,5,230,3
2026/07/03 15:20,05F0000S,05F0055S,31,271,135
2026/07/03 15:20,05F0000S,05F0055S,32,269,31
2026/07/03 15:20,05F0000S,05F0055S,41,277,5
2026/07/03 15:20,05F0000S,05F0055S,42,0,0
2026/07/03 15:20,05F0000S,05F0055S,5,0,0
2026/07/03 15:20,05F0055S,05F0287S,31,1904,145
2026/07/03 15:20,05F0055S,05F0287S,32,1912,43
2026/07/03 15:20,05F0055S,05F0287S,41,1810,2
2026/07/03 15:20,05F0055S,05F0287S,42,0,0
2026/07/03 15:20,05F0055S,05F0287S,5,0,0
2026/07/03 15:20,05F0287S,05F0309S,31,88,95
2026/07/03 15:20,05F0287S,05F0309S,32,90,26
2026/07/03 15:20,05F0287S,05F0309S,41,94,5
2026/07/03 15:20,05F0287S,05F0309S,42,0,0
2026/07/03 15:20,05F0287S,05F0309S,5,0,0
2026/07/03 15:20,05F0309S,05F0439S,31,492,83
2026/07/03 15:20,05F0309S,05F0439S,32,502,18
2026/07/03 15:20,05F0309S,05F0439S,41,535,5
2026/07/03 15:20,05F0309S,05F0439S,42,532,1
2026/07/03 15:20,05F0309S,05F0439S,5,489,1
2026/07/03 15:20,05F0439S,05F0494S,31,210,36
2026/07/03 15:20,05F0439S,05F0494S,32,214,9
2026/07/03 15:20,05F0439S,05F0494S,41,360,2
2026/07/03 15:20,05F0439S,05F0494S,42,0,0
2026/07/03 15:20,05F0439S,05F0494S,5,236,1
2026/07/03 15:25,05F0000S,05F0055S,31,277,147
2026/07/03 15:25,05F0000S,05F0055S,32,275,29
2026/07/03 15:25,05F0000S,05F0055S,41,277,5
2026/07/03 15:25,05F0000S,05F0055S,42,0,0
2026/07/03 15:25,05F0000S,05F0055S,5,0,0
2026/07/03 15:25,05F0055S,05F0287S,31,1915,167
2026/07/03 15:25,05F0055S,05F0287S,32,1915,38
2026/07/03 15:25,05F0055S,05F0287S,41,1857,6
2026/07/03 15:25,05F0055S,05F0287S,42,0,0
2026/07/03 15:25,05F0055S,05F0287S,5,0,0
2026/07/03 15:25,05F0287S,05F0309S,31,90,112
2026/07/03 15:25,05F0287S,05F0309S,32,92,28
2026/07/03 15:25,05F0287S,05F0309S,41,0,0
2026/07/03 15:25,05F0287S,05F0309S,42,0,0
2026/07/03 15:25,05F0287S,05F0309S,5,0,0
2026/07/03 15:25,05F0309S,05F0439S,31,487,69
2026/07/03 15:25,05F0309S,05F0439S,32,483,15
2026/07/03 15:25,05F0309S,05F0439S,41,560,3
2026/07/03 15:25,05F0309S,05F0439S,42,555,1
2026/07/03 15:25,05F0309S,05F0439S,5,549,1
2026/07/03 15:25,05F0439S,05F0494S,31,211,41
2026/07/03 15:25,05F0439S,05F0494S,32,215,11
2026/07/03 15:25,05F0439S,05F0494S,41,240,1
2026/07/03 15:25,05F0439S,05F0494S,42,0,0
2026/07/03 15:25,05F0439S,05F0494S,5,210,2
2026/07/03 15:30,05F0000S,05F0055S,31,275,131
2026/07/03 15:30,05F0000S,05F0055S,32,273,49
2026/07/03 15:30,05F0000S,05F0055S,41,271,8
2026/07/03 15:30,05F0000S,05F0055S,42,0,0
2026/07/03 15:30,05F0000S,05F0055S,5,0,0
2026/07/03 15:30,05F0055S,05F0287S,31,1896,147
2026/07/03 15:30,05F0055S,05F0287S,32,1894,49
2026/07/03 15:30,05F0055S,05F0287S,41,1825,6
2026/07/03 15:30,05F0055S,05F0287S,42,0,0
2026/07/03 15:30,05F0055S,05F0287S,5,0,0
2026/07/03 15:30,05F0287S,05F0309S,31,92,107
2026/07/03 15:30,05F0287S,05F0309S,32,92,35
2026/07/03 15:30,05F0287S,05F0309S,41,95,5
2026/07/03 15:30,05F0287S,05F0309S,42,0,0
2026/07/03 15:30,05F0287S,05F0309S,5,0,0
2026/07/03 15:30,05F0309S,05F0439S,31,478,66
2026/07/03 15:30,05F0309S,05F0439S,32,493,16
2026/07/03 15:30,05F0309S,05F0439S,41,533,2
2026/07/03 15:30,05F0309S,05F0439S,42,495,1
2026/07/03 15:30,05F0309S,05F0439S,5,503,7
2026/07/03 15:30,05F0439S,05F0494S,31,205,35
2026/07/03 15:30,05F0439S,05F0494S,32,212,10
2026/07/03 15:30,05F0439S,05F0494S,41,235,1
2026/07/03 15:30,05F0439S,05F0494S,42,238,1
2026/07/03 15:30,05F0439S,05F0494S,5,228,3
2026/07/03 15:35,05F0000S,05F0055S,31,262,122
2026/07/03 15:35,05F0000S,05F0055S,32,265,37
2026/07/03 15:35,05F0000S,05F0055S,41,278,4
2026/07/03 15:35,05F0000S,05F0055S,42,0,0
2026/07/03 15:35,05F0000S,05F0055S,5,0,0
2026/07/03 15:35,05F0055S,05F0287S,31,1903,155
2026/07/03 15:35,05F0055S,05F0287S,32,1903,46
2026/07/03 15:35,05F0055S,05F0287S,41,1793,3
2026/07/03 15:35,05F0055S,05F0287S,42,0,0
2026/07/03 15:35,05F0055S,05F0287S,5,0,0
2026/07/03 15:35,05F0287S,05F0309S,31,87,101
2026/07/03 15:35,05F0287S,05F0309S,32,89,27
2026/07/03 15:35,05F0287S,05F0309S,41,100,4
2026/07/03 15:35,05F0287S,05F0309S,42,0,0
2026/07/03 15:35,05F0287S,05F0309S,5,0,0
2026/07/03 15:35,05F0309S,05F0439S,31,485,68
2026/07/03 15:35,05F0309S,05F0439S,32,507,19
2026/07/03 15:35,05F0309S,05F0439S,41,0,0
2026/07/03 15:35,05F0309S,05F0439S,42,511,1
2026/07/03 15:35,05F0309S,05F0439S,5,516,4
2026/07/03 15:35,05F0439S,05F0494S,31,202,25
2026/07/03 15:35,05F0439S,05F0494S,32,205,8
2026/07/03 15:35,05F0439S,05F0494S,41,0,0
2026/07/03 15:35,05F0439S,05F0494S,42,200,1
2026/07/03 15:35,05F0439S,05F0494S,5,208,3
2026/07/03 15:40,05F0000S,05F0055S,31,259,128
2026/07/03 15:40,05F0000S,05F0055S,32,259,28
2026/07/03 15:40,05F0000S,05F0055S,41,269,3
2026/07/03 15:40,05F0000S,05F0055S,42,0,0
2026/07/03 15:40,05F0000S,05F0055S,5,0,0
2026/07/03 15:40,05F0055S,05F0287S,31,1890,166
2026/07/03 15:40,05F0055S,05F0287S,32,1887,35
2026/07/03 15:40,05F0055S,05F0287S,41,1769,3
2026/07/03 15:40,05F0055S,05F0287S,42,0,0
2026/07/03 15:40,05F0055S,05F0287S,5,0,0
2026/07/03 15:40,05F0287S,05F0309S,31,88,111
2026/07/03 15:40,05F0287S,05F0309S,32,93,28
2026/07/03 15:40,05F0287S,05F0309S,41,95,2
2026/07/03 15:40,05F0287S,05F0309S,42,0,0
2026/07/03 15:40,05F0287S,05F0309S,5,0,0
2026/07/03 15:40,05F0309S,05F0439S,31,488,71
2026/07/03 15:40,05F0309S,05F0439S,32,500,26
2026/07/03 15:40,05F0309S,05F0439S,41,542,4
2026/07/03 15:40,05F0309S,05F0439S,42,520,2
2026/07/03 15:40,05F0309S,05F0439S,5,499,5
2026/07/03 15:40,05F0439S,05F0494S,31,204,48
2026/07/03 15:40,05F0439S,05F0494S,32,213,8
2026/07/03 15:40,05F0439S,05F0494S,41,0,0
2026/07/03 15:40,05F0439S,05F0494S,42,213,1
2026/07/03 15:40,05F0439S,05F0494S,5,204,3
2026/07/03 15:45,05F0000S,05F0055S,31,272,148
2026/07/03 15:45,05F0000S,05F0055S,32,272,43
2026/07/03 15:45,05F0000S,05F0055S,41,260,5
2026/07/03 15:45,05F0000S,05F0055S,42,0,0
2026/07/03 15:45,05F0000S,05F0055S,5,0,0
2026/07/03 15:45,05F0055S,05F0287S,31,1860,157
2026/07/03 15:45,05F0055S,05F0287S,32,1860,47
2026/07/03 15:45,05F0055S,05F0287S,41,1775,4
2026/07/03 15:45,05F0055S,05F0287S,42,0,0
2026/07/03 15:45,05F0055S,05F0287S,5,0,0
2026/07/03 15:45,05F0287S,05F0309S,31,91,113
2026/07/03 15:45,05F0287S,05F0309S,32,93,30
2026/07/03 15:45,05F0287S,05F0309S,41,99,3
2026/07/03 15:45,05F0287S,05F0309S,42,0,0
2026/07/03 15:45,05F0287S,05F0309S,5,0,0
2026/07/03 15:45,05F0309S,05F0439S,31,482,84
2026/07/03 15:45,05F0309S,05F0439S,32,486,22
2026/07/03 15:45,05F0309S,05F0439S,41,0,0
2026/07/03 15:45,05F0309S,05F0439S,42,0,0
2026/07/03 15:45,05F0309S,05F0439S,5,479,5
2026/07/03 15:45,05F0439S,05F0494S,31,203,39
2026/07/03 15:45,05F0439S,05F0494S,32,210,9
2026/07/03 15:45,05F0439S,05F0494S,41,0,0
2026/07/03 15:45,05F0439S,05F0494S,42,0,0
2026/07/03 15:45,05F0439S,05F0494S,5,204,5
2026/07/03 15:50,05F0000S,05F0055S,31,276,132
2026/07/03 15:50,05F0000S,05F0055S,32,279,39
2026/07/03 15:50,05F0000S,05F0055S,41,291,4
2026/07/03 15:50,05F0000S,05F0055S,42,0,0
2026/07/03 15:50,05F0000S,05F0055S,5,0,0
2026/07/03 15:50,05F0055S,05F0287S,31,1820,153
2026/07/03 15:50,05F0055S,05F0287S,32,1819,41
2026/07/03 15:50,05F0055S,05F0287S,41,1767,6
2026/07/03 15:50,05F0055S,05F0287S,42,0,0
2026/07/03 15:50,05F0055S,05F0287S,5,0,0
2026/07/03 15:50,05F0287S,05F0309S,31,91,105
2026/07/03 15:50,05F0287S,05F0309S,32,93,33
2026/07/03 15:50,05F0287S,05F0309S,41,91,3
2026/07/03 15:50,05F0287S,05F0309S,42,0,0
2026/07/03 15:50,05F0287S,05F0309S,5,0,0
2026/07/03 15:50,05F0309S,05F0439S,31,491,71
2026/07/03 15:50,05F0309S,05F0439S,32,506,13
2026/07/03 15:50,05F0309S,05F0439S,41,532,3
2026/07/03 15:50,05F0309S,05F0439S,42,525,1
2026/07/03 15:50,05F0309S,05F0439S,5,532,5
2026/07/03 15:50,05F0439S,05F0494S,31,206,43
2026/07/03 15:50,05F0439S,05F0494S,32,207,10
2026/07/03 15:50,05F0439S,05F0494S,41,0,0
2026/07/03 15:50,05F0439S,05F0494S,42,226,1
2026/07/03 15:50,05F0439S,05F0494S,5,213,2
2026/07/03 15:55,05F0000S,05F0055S,31,278,160
2026/07/03 15:55,05F0000S,05F0055S,32,279,38
2026/07/03 15:55,05F0000S,05F0055S,41,289,6
2026/07/03 15:55,05F0000S,05F0055S,42,0,0
2026/07/03 15:55,05F0000S,05F0055S,5,0,0
2026/07/03 15:55,05F0055S,05F0287S,31,1827,169
2026/07/03 15:55,05F0055S,05F0287S,32,1827,35
2026/07/03 15:55,05F0055S,05F0287S,41,1796,4
2026/07/03 15:55,05F0055S,05F0287S,42,0,0
2026/07/03 15:55,05F0055S,05F0287S,5,0,0
2026/07/03 15:55,05F0287S,05F0309S,31,88,104
2026/07/03 15:55,05F0287S,05F0309S,32,91,28
2026/07/03 15:55,05F0287S,05F0309S,41,94,2
2026/07/03 15:55,05F0287S,05F0309S,42,0,0
2026/07/03 15:55,05F0287S,05F0309S,5,0,0
2026/07/03 15:55,05F0309S,05F0439S,31,485,65
2026/07/03 15:55,05F0309S,05F0439S,32,487,21
2026/07/03 15:55,05F0309S,05F0439S,41,500,3
2026/07/03 15:55,05F0309S,05F0439S,42,537,1
2026/07/03 15:55,05F0309S,05F0439S,5,477,1
2026/07/03 15:55,05F0439S,05F0494S,31,212,31
2026/07/03 15:55,05F0439S,05F0494S,32,208,8
2026/07/03 15:55,05F0439S,05F0494S,41,0,0
2026/07/03 15:55,05F0439S,05F0494S,42,0,0
2026/07/03 15:55,05F0439S,05F0494S,5,223,8
2026/07/03 16:00,05F0000S,05F0055S,31,279,166
2026/07/03 16:00,05F0000S,05F0055S,32,278,33
2026/07/03 16:00,05F0000S,05F0055S,41,282,5
2026/07/03 16:00,05F0000S,05F0055S,42,0,0
2026/07/03 16:00,05F0000S,05F0055S,5,0,0
2026/07/03 16:00,05F0055S,05F0287S,31,1812,148
2026/07/03 16:00,05F0055S,05F0287S,32,1817,54
2026/07/03 16:00,05F0055S,05F0287S,41,1804,9
2026/07/03 16:00,05F0055S,05F0287S,42,0,0
2026/07/03 16:00,05F0055S,05F0287S,5,0,0
2026/07/03 16:00,05F0287S,05F0309S,31,91,128
2026/07/03 16:00,05F0287S,05F0309S,32,92,38
2026/07/03 16:00,05F0287S,05F0309S,41,94,7
2026/07/03 16:00,05F0287S,05F0309S,42,0,0
2026/07/03 16:00,05F0287S,05F0309S,5,0,0
2026/07/03 16:00,05F0309S,05F0439S,31,481,67
2026/07/03 16:00,05F0309S,05F0439S,32,503,18
2026/07/03 16:00,05F0309S,05F0439S,41,538,3
2026/07/03 16:00,05F0309S,05F0439S,42,566,1
2026/07/03 16:00,05F0309S,05F0439S,5,516,6
2026/07/03 16:00,05F0439S,05F0494S,31,205,35
2026/07/03 16:00,05F0439S,05F0494S,32,200,7
2026/07/03 16:00,05F0439S,05F0494S,41,0,0
2026/07/03 16:00,05F0439S,05F0494S,42,252,3
2026/07/03 16:00,05F0439S,05F0494S,5,211,1
2026/07/03 16:05,05F0000S,05F0055S,31,261,131
2026/07/03 16:05,05F0000S,05F0055S,32,260,38
2026/07/03 16:05,05F0000S,05F0055S,41,266,4
2026/07/03 16:05,05F0000S,05F0055S,42,0,0
2026/07/03 16:05,05F0000S,05F0055S,5,0,0
2026/07/03 16:05,05F0055S,05F0287S,31,1786,148
2026/07/03 16:05,05F0055S,05F0287S,32,1786,47
2026/07/03 16:05,05F0055S,05F0287S,41,1762,4
2026/07/03 16:05,05F0055S,05F0287S,42,0,0
2026/07/03 16:05,05F0055S,05F0287S,5,0,0
2026/07/03 16:05,05F0287S,05F0309S,31,88,117
2026/07/03 16:05,05F0287S,05F0309S,32,89,33
2026/07/03 16:05,05F0287S,05F0309S,41,94,5
2026/07/03 16:05,05F0287S,05F0309S,42,0,0
2026/07/03 16:05,05F0287S,05F0309S,5,0,0
2026/07/03 16:05,05F0309S,05F0439S,31,492,86
2026/07/03 16:05,05F0309S,05F0439S,32,489,14
2026/07/03 16:05,05F0309S,05F0439S,41,539,3
2026/07/03 16:05,05F0309S,05F0439S,42,542,1
2026/07/03 16:05,05F0309S,05F0439S,5,0,0
2026/07/03 16:05,05F0439S,05F0494S,31,195,24
2026/07/03 16:05,05F0439S,05F0494S,32,202,8
2026/07/03 16:05,05F0439S,05F0494S,41,0,0
2026/07/03 16:05,05F0439S,05F0494S,42,0,0
2026/07/03 16:05,05F0439S,05F0494S,5,209,3
2026/07/03 16:10,05F0000S,05F0055S,31,270,142
2026/07/03 16:10,05F0000S,05F0055S,32,275,46
2026/07/03 16:10,05F0000S,05F0055S,41,266,3
2026/07/03 16:10,05F0000S,05F0055S,42,0,0
2026/07/03 16:10,05F0000S,05F0055S,5,0,0
2026/07/03 16:10,05F0055S,05F0287S,31,1724,176
2026/07/03 16:10,05F0055S,05F0287S,32,1721,43
2026/07/03 16:10,05F0055S,05F0287S,41,1716,4
2026/07/03 16:10,05F0055S,05F0287S,42,0,0
2026/07/03 16:10,05F0055S,05F0287S,5,0,0
2026/07/03 16:10,05F0287S,05F0309S,31,90,111
2026/07/03 16:10,05F0287S,05F0309S,32,90,27
2026/07/03 16:10,05F0287S,05F0309S,41,93,2
2026/07/03 16:10,05F0287S,05F0309S,42,0,0
2026/07/03 16:10,05F0287S,05F0309S,5,0,0
2026/07/03 16:10,05F0309S,05F0439S,31,490,86
2026/07/03 16:10,05F0309S,05F0439S,32,499,30
2026/07/03 16:10,05F0309S,05F0439S,41,513,2
2026/07/03 16:10,05F0309S,05F0439S,42,562,1
2026/07/03 16:10,05F0309S,05F0439S,5,524,7
2026/07/03 16:10,05F0439S,05F0494S,31,203,42
2026/07/03 16:10,05F0439S,05F0494S,32,193,9
2026/07/03 16:10,05F0439S,05F0494S,41,0,0
2026/07/03 16:10,05F0439S,05F0494S,42,0,0
2026/07/03 16:10,05F0439S,05F0494S,5,198,2
2026/07/03 16:15,05F0000S,05F0055S,31,267,133
2026/07/03 16:15,05F0000S,05F0055S,32,266,37
2026/07/03 16:15,05F0000S,05F0055S,41,264,3
2026/07/03 16:15,05F0000S,05F0055S,42,268,3
2026/07/03 16:15,05F0000S,05F0055S,5,0,0
2026/07/03 16:15,05F0055S,05F0287S,31,1685,162
2026/07/03 16:15,05F0055S,05F0287S,32,1689,54
2026/07/03 16:15,05F0055S,05F0287S,41,1688,5
2026/07/03 16:15,05F0055S,05F0287S,42,0,0
2026/07/03 16:15,05F0055S,05F0287S,5,0,0
2026/07/03 16:15,05F0287S,05F0309S,31,89,126
2026/07/03 16:15,05F0287S,05F0309S,32,92,37
2026/07/03 16:15,05F0287S,05F0309S,41,95,5
2026/07/03 16:15,05F0287S,05F0309S,42,0,0
2026/07/03 16:15,05F0287S,05F0309S,5,0,0
2026/07/03 16:15,05F0309S,05F0439S,31,483,70
2026/07/03 16:15,05F0309S,05F0439S,32,488,20
2026/07/03 16:15,05F0309S,05F0439S,41,537,2
2026/07/03 16:15,05F0309S,05F0439S,42,0,0
2026/07/03 16:15,05F0309S,05F0439S,5,486,2
2026/07/03 16:15,05F0439S,05F0494S,31,200,34
2026/07/03 16:15,05F0439S,05F0494S,32,193,10
2026/07/03 16:15,05F0439S,05F0494S,41,0,0
2026/07/03 16:15,05F0439S,05F0494S,42,0,0
2026/07/03 16:15,05F0439S,05F0494S,5,203,2
2026/07/03 16:20,05F0000S,05F0055S,31,283,140
2026/07/03 16:20,05F0000S,05F0055S,32,279,35
2026/07/03 16:20,05F0000S,05F0055S,41,281,7
2026/07/03 16:20,05F0000S,05F0055S,42,0,0
2026/07/03 16:20,05F0000S,05F0055S,5,0,0
2026/07/03 16:20,05F0055S,05F0287S,31,1670,157
2026/07/03 16:20,05F0055S,05F0287S,32,1664,47
2026/07/03 16:20,05F0055S,05F0287S,41,1645,7
2026/07/03 16:20,05F0055S,05F0287S,42,0,0
2026/07/03 16:20,05F0055S,05F0287S,5,0,0
2026/07/03 16:20,05F0287S,05F0309S,31,90,98
2026/07/03 16:20,05F0287S,05F0309S,32,92,35
2026/07/03 16:20,05F0287S,05F0309S,41,94,3
2026/07/03 16:20,05F0287S,05F0309S,42,0,0
2026/07/03 16:20,05F0287S,05F0309S,5,0,0
2026/07/03 16:20,05F0309S,05F0439S,31,484,92
2026/07/03 16:20,05F0309S,05F0439S,32,494,21
2026/07/03 16:20,05F0309S,05F0439S,41,529,3
2026/07/03 16:20,05F0309S,05F0439S,42,0,0
2026/07/03 16:20,05F0309S,05F0439S,5,506,8
2026/07/03 16:20,05F0439S,05F0494S,31,204,45
2026/07/03 16:20,05F0439S,05F0494S,32,204,4
2026/07/03 16:20,05F0439S,05F0494S,41,233,1
2026/07/03 16:20,05F0439S,05F0494S,42,0,0
2026/07/03 16:20,05F0439S,05F0494S,5,206,2
2026/07/03 16:25,05F0000S,05F0055S,31,272,155
2026/07/03 16:25,05F0000S,05F0055S,32,275,41
2026/07/03 16:25,05F0000S,05F0055S,41,277,2
2026/07/03 16:25,05F0000S,05F0055S,42,0,0
2026/07/03 16:25,05F0000S,05F0055S,5,0,0
2026/07/03 16:25,05F0055S,05F0287S,31,1690,152
2026/07/03 16:25,05F0055S,05F0287S,32,1696,30
2026/07/03 16:25,05F0055S,05F0287S,41,1718,5
2026/07/03 16:25,05F0055S,05F0287S,42,0,0
2026/07/03 16:25,05F0055S,05F0287S,5,0,0
2026/07/03 16:25,05F0287S,05F0309S,31,88,122
2026/07/03 16:25,05F0287S,05F0309S,32,89,28
2026/07/03 16:25,05F0287S,05F0309S,41,93,2
2026/07/03 16:25,05F0287S,05F0309S,42,0,0
2026/07/03 16:25,05F0287S,05F0309S,5,0,0
2026/07/03 16:25,05F0309S,05F0439S,31,479,63
2026/07/03 16:25,05F0309S,05F0439S,32,486,24
2026/07/03 16:25,05F0309S,05F0439S,41,530,2
2026/07/03 16:25,05F0309S,05F0439S,42,539,1
2026/07/03 16:25,05F0309S,05F0439S,5,533,1
2026/07/03 16:25,05F0439S,05F0494S,31,204,35
2026/07/03 16:25,05F0439S,05F0494S,32,205,10
2026/07/03 16:25,05F0439S,05F0494S,41,253,1
2026/07/03 16:25,05F0439S,05F0494S,42,0,0
2026/07/03 16:25,05F0439S,05F0494S,5,214,7
2026/07/03 16:30,05F0000S,05F0055S,31,281,156
2026/07/03 16:30,05F0000S,05F0055S,32,281,31
2026/07/03 16:30,05F0000S,05F0055S,41,293,3
2026/07/03 16:30,05F0000S,05F0055S,42,0,0
2026/07/03 16:30,05F0000S,05F0055S,5,0,0
2026/07/03 16:30,05F0055S,05F0287S,31,1695,175
2026/07/03 16:30,05F0055S,05F0287S,32,1695,41
2026/07/03 16:30,05F0055S,05F0287S,41,1723,3
2026/07/03 16:30,05F0055S,05F0287S,42,0,0
2026/07/03 16:30,05F0055S,05F0287S,5,0,0
2026/07/03 16:30,05F0287S,05F0309S,31,88,115
2026/07/03 16:30,05F0287S,05F0309S,32,87,25
2026/07/03 16:30,05F0287S,05F0309S,41,94,4
2026/07/03 16:30,05F0287S,05F0309S,42,0,0
2026/07/03 16:30,05F0287S,05F0309S,5,0,0
2026/07/03 16:30,05F0309S,05F0439S,31,470,63
2026/07/03 16:30,05F0309S,05F0439S,32,493,16
2026/07/03 16:30,05F0309S,05F0439S,41,530,1
2026/07/03 16:30,05F0309S,05F0439S,42,0,0
2026/07/03 16:30,05F0309S,05F0439S,5,528,2
2026/07/03 16:30,05F0439S,05F0494S,31,199,32
2026/07/03 16:30,05F0439S,05F0494S,32,207,11
2026/07/03 16:30,05F0439S,05F0494S,41,0,0
2026/07/03 16:30,05F0439S,05F0494S,42,231,2
2026/07/03 16:30,05F0439S,05F0494S,5,222,4
2026/07/03 16:35,05F0000S,05F0055S,31,277,155
2026/07/03 16:35,05F0000S,05F0055S,32,278,43
2026/07/03 16:35,05F0000S,05F0055S,41,279,5
2026/07/03 16:35,05F0000S,05F0055S,42,284,1
2026/07/03 16:35,05F0000S,05F0055S,5,0,0
2026/07/03 16:35,05F0055S,05F0287S,31,1659,166
2026/07/03 16:35,05F0055S,05F0287S,32,1659,56
2026/07/03 16:35,05F0055S,05F0287S,41,1685,4
2026/07/03 16:35,05F0055S,05F0287S,42,0,0
2026/07/03 16:35,05F0055S,05F0287S,5,0,0
2026/07/03 16:35,05F0287S,05F0309S,31,89,127
2026/07/03 16:35,05F0287S,05F0309S,32,90,33
2026/07/03 16:35,05F0287S,05F0309S,41,97,4
2026/07/03 16:35,05F0287S,05F0309S,42,0,0
2026/07/03 16:35,05F0287S,05F0309S,5,0,0
2026/07/03 16:35,05F0309S,05F0439S,31,492,72
2026/07/03 16:35,05F0309S,05F0439S,32,512,15
2026/07/03 16:35,05F0309S,05F0439S,41,531,1
2026/07/03 16:35,05F0309S,05F0439S,42,594,1
2026/07/03 16:35,05F0309S,05F0439S,5,509,4
2026/07/03 16:35,05F0439S,05F0494S,31,211,25
2026/07/03 16:35,05F0439S,05F0494S,32,211,9
2026/07/03 16:35,05F0439S,05F0494S,41,0,0
2026/07/03 16:35,05F0439S,05F0494S,42,224,2
2026/07/03 16:35,05F0439S,05F0494S,5,0,0
2026/07/03 16:40,05F0000S,05F0055S,31,285,158
2026/07/03 16:40,05F0000S,05F0055S,32,288,39
2026/07/03 16:40,05F0000S,05F0055S,41,292,4
2026/07/03 16:40,05F0000S,05F0055S,42,0,0
2026/07/03 16:40,05F0000S,05F0055S,5,0,0
2026/07/03 16:40,05F0055S,05F0287S,31,1642,158
2026/07/03 16:40,05F0055S,05F0287S,32,1641,44
2026/07/03 16:40,05F0055S,05F0287S,41,1541,6
2026/07/03 16:40,05F0055S,05F0287S,42,1663,3
2026/07/03 16:40,05F0055S,05F0287S,5,0,0
2026/07/03 16:40,05F0287S,05F0309S,31,88,103
2026/07/03 16:40,05F0287S,05F0309S,32,91,39
2026/07/03 16:40,05F0287S,05F0309S,41,95,2
2026/07/03 16:40,05F0287S,05F0309S,42,91,2
2026/07/03 16:40,05F0287S,05F0309S,5,0,0
2026/07/03 16:40,05F0309S,05F0439S,31,477,67
2026/07/03 16:40,05F0309S,05F0439S,32,455,19
2026/07/03 16:40,05F0309S,05F0439S,41,527,2
2026/07/03 16:40,05F0309S,05F0439S,42,538,1
2026/07/03 16:40,05F0309S,05F0439S,5,483,5
2026/07/03 16:40,05F0439S,05F0494S,31,196,26
2026/07/03 16:40,05F0439S,05F0494S,32,198,9
2026/07/03 16:40,05F0439S,05F0494S,41,0,0
2026/07/03 16:40,05F0439S,05F0494S,42,263,1
2026/07/03 16:40,05F0439S,05F0494S,5,210,6
2026/07/03 16:45,05F0000S,05F0055S,31,265,133
2026/07/03 16:45,05F0000S,05F0055S,32,260,38
2026/07/03 16:45,05F0000S,05F0055S,41,269,5
2026/07/03 16:45,05F0000S,05F0055S,42,0,0
2026/07/03 16:45,05F0000S,05F0055S,5,0,0
2026/07/03 16:45,05F0055S,05F0287S,31,1625,147
2026/07/03 16:45,05F0055S,05F0287S,32,1628,46
2026/07/03 16:45,05F0055S,05F0287S,41,1487,6
2026/07/03 16:45,05F0055S,05F0287S,42,0,0
2026/07/03 16:45,05F0055S,05F0287S,5,0,0
2026/07/03 16:45,05F0287S,05F0309S,31,88,111
2026/07/03 16:45,05F0287S,05F0309S,32,87,40
2026/07/03 16:45,05F0287S,05F0309S,41,96,7
2026/07/03 16:45,05F0287S,05F0309S,42,88,1
2026/07/03 16:45,05F0287S,05F0309S,5,0,0
2026/07/03 16:45,05F0309S,05F0439S,31,485,82
2026/07/03 16:45,05F0309S,05F0439S,32,489,25
2026/07/03 16:45,05F0309S,05F0439S,41,532,2
2026/07/03 16:45,05F0309S,05F0439S,42,560,1
2026/07/03 16:45,05F0309S,05F0439S,5,510,3
2026/07/03 16:45,05F0439S,05F0494S,31,200,28
2026/07/03 16:45,05F0439S,05F0494S,32,188,9
2026/07/03 16:45,05F0439S,05F0494S,41,229,1
2026/07/03 16:45,05F0439S,05F0494S,42,0,0
2026/07/03 16:45,05F0439S,05F0494S,5,203,3
2026/07/03 16:50,05F0000S,05F0055S,31,253,120
2026/07/03 16:50,05F0000S,05F0055S,32,256,40
2026/07/03 16:50,05F0000S,05F0055S,41,273,6
2026/07/03 16:50,05F0000S,05F0055S,42,0,0
2026/07/03 16:50,05F0000S,05F0055S,5,0,0
2026/07/03 16:50,05F0055S,05F0287S,31,1644,148
2026/07/03 16:50,05F0055S,05F0287S,32,1644,35
2026/07/03 16:50,05F0055S,05F0287S,41,1474,2
2026/07/03 16:50,05F0055S,05F0287S,42,0,0
2026/07/03 16:50,05F0055S,05F0287S,5,0,0
2026/07/03 16:50,05F0287S,05F0309S,31,90,100
2026/07/03 16:50,05F0287S,05F0309S,32,93,19
2026/07/03 16:50,05F0287S,05F0309S,41,98,3
2026/07/03 16:50,05F0287S,05F0309S,42,0,0
2026/07/03 16:50,05F0287S,05F0309S,5,0,0
2026/07/03 16:50,05F0309S,05F0439S,31,486,73
2026/07/03 16:50,05F0309S,05F0439S,32,492,30
2026/07/03 16:50,05F0309S,05F0439S,41,526,3
2026/07/03 16:50,05F0309S,05F0439S,42,481,5
2026/07/03 16:50,05F0309S,05F0439S,5,504,7
2026/07/03 16:50,05F0439S,05F0494S,31,204,38
2026/07/03 16:50,05F0439S,05F0494S,32,218,17
2026/07/03 16:50,05F0439S,05F0494S,41,0,0
2026/07/03 16:50,05F0439S,05F0494S,42,238,1
2026/07/03 16:50,05F0439S,05F0494S,5,216,2
2026/07/03 16:55,05F0000S,05F0055S,31,262,121
2026/07/03 16:55,05F0000S,05F0055S,32,260,44
2026/07/03 16:55,05F0000S,05F0055S,41,268,8
2026/07/03 16:55,05F0000S,05F0055S,42,370,2
2026/07/03 16:55,05F0000S,05F0055S,5,0,0
2026/07/03 16:55,05F0055S,05F0287S,31,1655,158
2026/07/03 16:55,05F0055S,05F0287S,32,1654,42
2026/07/03 16:55,05F0055S,05F0287S,41,1519,3
2026/07/03 16:55,05F0055S,05F0287S,42,0,0
2026/07/03 16:55,05F0055S,05F0287S,5,0,0
2026/07/03 16:55,05F0287S,05F0309S,31,90,120
2026/07/03 16:55,05F0287S,05F0309S,32,92,28
2026/07/03 16:55,05F0287S,05F0309S,41,90,1
2026/07/03 16:55,05F0287S,05F0309S,42,0,0
2026/07/03 16:55,05F0287S,05F0309S,5,0,0
2026/07/03 16:55,05F0309S,05F0439S,31,474,55
2026/07/03 16:55,05F0309S,05F0439S,32,486,20
2026/07/03 16:55,05F0309S,05F0439S,41,527,3
2026/07/03 16:55,05F0309S,05F0439S,42,0,0
2026/07/03 16:55,05F0309S,05F0439S,5,533,6
2026/07/03 16:55,05F0439S,05F0494S,31,208,26
2026/07/03 16:55,05F0439S,05F0494S,32,199,8
2026/07/03 16:55,05F0439S,05F0494S,41,0,0
2026/07/03 16:55,05F0439S,05F0494S,42,0,0
2026/07/03 16:55,05F0439S,05F0494S,5,219,7
2026/07/03 17:00,05F0000S,05F0055S,31,264,149
2026/07/03 17:00,05F0000S,05F0055S,32,266,38
2026/07/03 17:00,05F0000S,05F0055S,41,251,3
2026/07/03 17:00,05F0000S,05F0055S,42,0,0
2026/07/03 17:00,05F0000S,05F0055S,5,0,0
2026/07/03 17:00,05F0055S,05F0287S,31,1629,184
2026/07/03 17:00,05F0055S,05F0287S,32,1629,43
2026/07/03 17:00,05F0055S,05F0287S,41,1524,2
2026/07/03 17:00,05F0055S,05F0287S,42,0,0
2026/07/03 17:00,05F0055S,05F0287S,5,0,0
2026/07/03 17:00,05F0287S,05F0309S,31,93,124
2026/07/03 17:00,05F0287S,05F0309S,32,90,27
2026/07/03 17:00,05F0287S,05F0309S,41,96,3
2026/07/03 17:00,05F0287S,05F0309S,42,0,0
2026/07/03 17:00,05F0287S,05F0309S,5,0,0
2026/07/03 17:00,05F0309S,05F0439S,31,516,70
2026/07/03 17:00,05F0309S,05F0439S,32,513,14
2026/07/03 17:00,05F0309S,05F0439S,41,542,1
2026/07/03 17:00,05F0309S,05F0439S,42,585,1
2026/07/03 17:00,05F0309S,05F0439S,5,530,7
2026/07/03 17:00,05F0439S,05F0494S,31,196,26
2026/07/03 17:00,05F0439S,05F0494S,32,233,5
2026/07/03 17:00,05F0439S,05F0494S,41,0,0
2026/07/03 17:00,05F0439S,05F0494S,42,407,3
2026/07/03 17:00,05F0439S,05F0494S,5,209,3
2026/07/03 17:05,05F0000S,05F0055S,31,268,152
2026/07/03 17:05,05F0000S,05F0055S,32,269,38
2026/07/03 17:05,05F0000S,05F0055S,41,257,3
2026/07/03 17:05,05F0000S,05F0055S,42,0,0
2026/07/03 17:05,05F0000S,05F0055S,5,0,0
2026/07/03 17:05,05F0055S,05F0287S,31,1614,172
2026/07/03 17:05,05F0055S,05F0287S,32,1617,51
2026/07/03 17:05,05F0055S,05F0287S,41,1577,6
2026/07/03 17:05,05F0055S,05F0287S,42,1578,1
2026/07/03 17:05,05F0055S,05F0287S,5,0,0
2026/07/03 17:05,05F0287S,05F0309S,31,92,117
2026/07/03 17:05,05F0287S,05F0309S,32,94,44
2026/07/03 17:05,05F0287S,05F0309S,41,100,3
2026/07/03 17:05,05F0287S,05F0309S,42,99,1
2026/07/03 17:05,05F0287S,05F0309S,5,0,0
2026/07/03 17:05,05F0309S,05F0439S,31,491,87
2026/07/03 17:05,05F0309S,05F0439S,32,493,19
2026/07/03 17:05,05F0309S,05F0439S,41,535,2
2026/07/03 17:05,05F0309S,05F0439S,42,497,2
2026/07/03 17:05,05F0309S,05F0439S,5,495,8
2026/07/03 17:05,05F0439S,05F0494S,31,203,36
2026/07/03 17:05,05F0439S,05F0494S,32,203,6
2026/07/03 17:05,05F0439S,05F0494S,41,228,1
2026/07/03 17:05,05F0439S,05F0494S,42,220,1
2026/07/03 17:05,05F0439S,05F0494S,5,218,13
2026/07/03 17:10,05F0000S,05F0055S,31,260,141
2026/07/03 17:10,05F0000S,05F0055S,32,258,53
2026/07/03 17:10,05F0000S,05F0055S,41,266,2
2026/07/03 17:10,05F0000S,05F0055S,42,0,0
2026/07/03 17:10,05F0000S,05F0055S,5,0,0
2026/07/03 17:10,05F0055S,05F0287S,31,1609,175
2026/07/03 17:10,05F0055S,05F0287S,32,1610,45
2026/07/03 17:10,05F0055S,05F0287S,41,1570,6
2026/07/03 17:10,05F0055S,05F0287S,42,0,0
2026/07/03 17:10,05F0055S,05F0287S,5,0,0
2026/07/03 17:10,05F0287S,05F0309S,31,93,121
2026/07/03 17:10,05F0287S,05F0309S,32,92,28
2026/07/03 17:10,05F0287S,05F0309S,41,98,4
2026/07/03 17:10,05F0287S,05F0309S,42,0,0
2026/07/03 17:10,05F0287S,05F0309S,5,0,0
2026/07/03 17:10,05F0309S,05F0439S,31,480,84
2026/07/03 17:10,05F0309S,05F0439S,32,493,22
2026/07/03 17:10,05F0309S,05F0439S,41,526,2
2026/07/03 17:10,05F0309S,05F0439S,42,478,1
2026/07/03 17:10,05F0309S,05F0439S,5,498,2
2026/07/03 17:10,05F0439S,05F0494S,31,202,29
2026/07/03 17:10,05F0439S,05F0494S,32,204,7
2026/07/03 17:10,05F0439S,05F0494S,41,0,0
2026/07/03 17:10,05F0439S,05F0494S,42,224,1
2026/07/03 17:10,05F0439S,05F0494S,5,218,3
2026/07/03 17:15,05F0000S,05F0055S,31,261,136
2026/07/03 17:15,05F0000S,05F0055S,32,261,42
2026/07/03 17:15,05F0000S,05F0055S,41,270,6
2026/07/03 17:15,05F0000S,05F0055S,42,0,0
2026/07/03 17:15,05F0000S,05F0055S,5,0,0
2026/07/03 17:15,05F0055S,05F0287S,31,1529,153
2026/07/03 17:15,05F0055S,05F0287S,32,1528,62
2026/07/03 17:15,05F0055S,05F0287S,41,1508,5
2026/07/03 17:15,05F0055S,05F0287S,42,0,0
2026/07/03 17:15,05F0055S,05F0287S,5,0,0
2026/07/03 17:15,05F0287S,05F0309S,31,90,137
2026/07/03 17:15,05F0287S,05F0309S,32,94,39
2026/07/03 17:15,05F0287S,05F0309S,41,100,4
2026/07/03 17:15,05F0287S,05F0309S,42,0,0
2026/07/03 17:15,05F0287S,05F0309S,5,0,0
2026/07/03 17:15,05F0309S,05F0439S,31,492,76
2026/07/03 17:15,05F0309S,05F0439S,32,491,26
2026/07/03 17:15,05F0309S,05F0439S,41,517,1
2026/07/03 17:15,05F0309S,05F0439S,42,522,2
2026/07/03 17:15,05F0309S,05F0439S,5,497,1
2026/07/03 17:15,05F0439S,05F0494S,31,202,30
2026/07/03 17:15,05F0439S,05F0494S,32,208,7
2026/07/03 17:15,05F0439S,05F0494S,41,217,1
2026/07/03 17:15,05F0439S,05F0494S,42,0,0
2026/07/03 17:15,05F0439S,05F0494S,5,235,3
2026/07/03 17:20,05F0000S,05F0055S,31,268,140
2026/07/03 17:20,05F0000S,05F0055S,32,271,44
2026/07/03 17:20,05F0000S,05F0055S,41,273,7
2026/07/03 17:20,05F0000S,05F0055S,42,0,0
2026/07/03 17:20,05F0000S,05F0055S,5,0,0
2026/07/03 17:20,05F0055S,05F0287S,31,1519,141
2026/07/03 17:20,05F0055S,05F0287S,32,1529,44
2026/07/03 17:20,05F0055S,05F0287S,41,1537,7
2026/07/03 17:20,05F0055S,05F0287S,42,0,0
2026/07/03 17:20,05F0055S,05F0287S,5,0,0
2026/07/03 17:20,05F0287S,05F0309S,31,87,90
2026/07/03 17:20,05F0287S,05F0309S,32,87,38
2026/07/03 17:20,05F0287S,05F0309S,41,93,5
2026/07/03 17:20,05F0287S,05F0309S,42,0,0
2026/07/03 17:20,05F0287S,05F0309S,5,0,0
2026/07/03 17:20,05F0309S,05F0439S,31,498,83
2026/07/03 17:20,05F0309S,05F0439S,32,508,17
2026/07/03 17:20,05F0309S,05F0439S,41,551,4
2026/07/03 17:20,05F0309S,05F0439S,42,0,0
2026/07/03 17:20,05F0309S,05F0439S,5,556,1
2026/07/03 17:20,05F0439S,05F0494S,31,207,34
2026/07/03 17:20,05F0439S,05F0494S,32,203,5
2026/07/03 17:20,05F0439S,05F0494S,41,0,0
2026/07/03 17:20,05F0439S,05F0494S,42,217,2
2026/07/03 17:20,05F0439S,05F0494S,5,234,1
2026/07/03 17:25,05F0000S,05F0055S,31,251,129
2026/07/03 17:25,05F0000S,05F0055S,32,250,30
2026/07/03 17:25,05F0000S,05F0055S,41,249,3
2026/07/03 17:25,05F0000S,05F0055S,42,0,0
2026/07/03 17:25,05F0000S,05F0055S,5,0,0
2026/07/03 17:25,05F0055S,05F0287S,31,1502,176
2026/07/03 17:25,05F0055S,05F0287S,32,1507,45
2026/07/03 17:25,05F0055S,05F0287S,41,1507,6
2026/07/03 17:25,05F0055S,05F0287S,42,0,0
2026/07/03 17:25,05F0055S,05F0287S,5,0,0
2026/07/03 17:25,05F0287S,05F0309S,31,91,119
2026/07/03 17:25,05F0287S,05F0309S,32,92,36
2026/07/03 17:25,05F0287S,05F0309S,41,94,5
2026/07/03 17:25,05F0287S,05F0309S,42,0,0
2026/07/03 17:25,05F0287S,05F0309S,5,0,0
2026/07/03 17:25,05F0309S,05F0439S,31,487,71
2026/07/03 17:25,05F0309S,05F0439S,32,491,20
2026/07/03 17:25,05F0309S,05F0439S,41,539,2
2026/07/03 17:25,05F0309S,05F0439S,42,0,0
2026/07/03 17:25,05F0309S,05F0439S,5,534,2
2026/07/03 17:25,05F0439S,05F0494S,31,203,43
2026/07/03 17:25,05F0439S,05F0494S,32,212,5
2026/07/03 17:25,05F0439S,05F0494S,41,279,1
2026/07/03 17:25,05F0439S,05F0494S,42,0,0
2026/07/03 17:25,05F0439S,05F0494S,5,249,1
2026/07/03 17:30,05F0000S,05F0055S,31,263,142
2026/07/03 17:30,05F0000S,05F0055S,32,264,44
2026/07/03 17:30,05F0000S,05F0055S,41,261,5
2026/07/03 17:30,05F0000S,05F0055S,42,0,0
2026/07/03 17:30,05F0000S,05F0055S,5,0,0
2026/07/03 17:30,05F0055S,05F0287S,31,1468,171
2026/07/03 17:30,05F0055S,05F0287S,32,1471,50
2026/07/03 17:30,05F0055S,05F0287S,41,1483,3
2026/07/03 17:30,05F0055S,05F0287S,42,0,0
2026/07/03 17:30,05F0055S,05F0287S,5,0,0
2026/07/03 17:30,05F0287S,05F0309S,31,91,117
2026/07/03 17:30,05F0287S,05F0309S,32,92,35
2026/07/03 17:30,05F0287S,05F0309S,41,97,3
2026/07/03 17:30,05F0287S,05F0309S,42,0,0
2026/07/03 17:30,05F0287S,05F0309S,5,0,0
2026/07/03 17:30,05F0309S,05F0439S,31,476,46
2026/07/03 17:30,05F0309S,05F0439S,32,490,24
2026/07/03 17:30,05F0309S,05F0439S,41,521,4
2026/07/03 17:30,05F0309S,05F0439S,42,0,0
2026/07/03 17:30,05F0309S,05F0439S,5,0,0
2026/07/03 17:30,05F0439S,05F0494S,31,206,30
2026/07/03 17:30,05F0439S,05F0494S,32,211,13
2026/07/03 17:30,05F0439S,05F0494S,41,0,0
2026/07/03 17:30,05F0439S,05F0494S,42,0,0
2026/07/03 17:30,05F0439S,05F0494S,5,199,3
2026/07/03 17:35,05F0000S,05F0055S,31,277,150
2026/07/03 17:35,05F0000S,05F0055S,32,277,40
2026/07/03 17:35,05F0000S,05F0055S,41,272,6
2026/07/03 17:35,05F0000S,05F0055S,42,0,0
2026/07/03 17:35,05F0000S,05F0055S,5,0,0
2026/07/03 17:35,05F0055S,05F0287S,31,1434,178
2026/07/03 17:35,05F0055S,05F0287S,32,1430,62
2026/07/03 17:35,05F0055S,05F0287S,41,1425,6
2026/07/03 17:35,05F0055S,05F0287S,42,0,0
2026/07/03 17:35,05F0055S,05F0287S,5,0,0
2026/07/03 17:35,05F0287S,05F0309S,31,90,120
2026/07/03 17:35,05F0287S,05F0309S,32,89,48
2026/07/03 17:35,05F0287S,05F0309S,41,99,3
2026/07/03 17:35,05F0287S,05F0309S,42,0,0
2026/07/03 17:35,05F0287S,05F0309S,5,0,0
2026/07/03 17:35,05F0309S,05F0439S,31,489,80
2026/07/03 17:35,05F0309S,05F0439S,32,484,22
2026/07/03 17:35,05F0309S,05F0439S,41,518,4
2026/07/03 17:35,05F0309S,05F0439S,42,0,0
2026/07/03 17:35,05F0309S,05F0439S,5,544,7
2026/07/03 17:35,05F0439S,05F0494S,31,190,21
2026/07/03 17:35,05F0439S,05F0494S,32,209,11
2026/07/03 17:35,05F0439S,05F0494S,41,0,0
2026/07/03 17:35,05F0439S,05F0494S,42,195,1
2026/07/03 17:35,05F0439S,05F0494S,5,234,4
2026/07/03 17:40,05F0000S,05F0055S,31,256,151
2026/07/03 17:40,05F0000S,05F0055S,32,252,49
2026/07/03 17:40,05F0000S,05F0055S,41,267,4
2026/07/03 17:40,05F0000S,05F0055S,42,0,0
2026/07/03 17:40,05F0000S,05F0055S,5,0,0
2026/07/03 17:40,05F0055S,05F0287S,31,1406,148
2026/07/03 17:40,05F0055S,05F0287S,32,1411,58
2026/07/03 17:40,05F0055S,05F0287S,41,1399,5
2026/07/03 17:40,05F0055S,05F0287S,42,0,0
2026/07/03 17:40,05F0055S,05F0287S,5,0,0
2026/07/03 17:40,05F0287S,05F0309S,31,91,117
2026/07/03 17:40,05F0287S,05F0309S,32,90,42
2026/07/03 17:40,05F0287S,05F0309S,41,95,5
2026/07/03 17:40,05F0287S,05F0309S,42,0,0
2026/07/03 17:40,05F0287S,05F0309S,5,0,0
2026/07/03 17:40,05F0309S,05F0439S,31,493,81
2026/07/03 17:40,05F0309S,05F0439S,32,500,20
2026/07/03 17:40,05F0309S,05F0439S,41,537,1
2026/07/03 17:40,05F0309S,05F0439S,42,0,0
2026/07/03 17:40,05F0309S,05F0439S,5,520,7
2026/07/03 17:40,05F0439S,05F0494S,31,201,32
2026/07/03 17:40,05F0439S,05F0494S,32,210,9
2026/07/03 17:40,05F0439S,05F0494S,41,0,0
2026/07/03 17:40,05F0439S,05F0494S,42,0,0
2026/07/03 17:40,05F0439S,05F0494S,5,222,9
2026/07/03 17:45,05F0000S,05F0055S,31,271,143
2026/07/03 17:45,05F0000S,05F0055S,32,272,43
2026/07/03 17:45,05F0000S,05F0055S,41,276,5
2026/07/03 17:45,05F0000S,05F0055S,42,0,0
2026/07/03 17:45,05F0000S,05F0055S,5,0,0
2026/07/03 17:45,05F0055S,05F0287S,31,1387,167
2026/07/03 17:45,05F0055S,05F0287S,32,1395,48
2026/07/03 17:45,05F0055S,05F0287S,41,1390,6
2026/07/03 17:45,05F0055S,05F0287S,42,0,0
2026/07/03 17:45,05F0055S,05F0287S,5,0,0
2026/07/03 17:45,05F0287S,05F0309S,31,91,130
2026/07/03 17:45,05F0287S,05F0309S,32,91,46
2026/07/03 17:45,05F0287S,05F0309S,41,98,4
2026/07/03 17:45,05F0287S,05F0309S,42,0,0
2026/07/03 17:45,05F0287S,05F0309S,5,0,0
2026/07/03 17:45,05F0309S,05F0439S,31,491,71
2026/07/03 17:45,05F0309S,05F0439S,32,493,30
2026/07/03 17:45,05F0309S,05F0439S,41,554,4
2026/07/03 17:45,05F0309S,05F0439S,42,0,0
2026/07/03 17:45,05F0309S,05F0439S,5,546,7
2026/07/03 17:45,05F0439S,05F0494S,31,204,46
2026/07/03 17:45,05F0439S,05F0494S,32,216,8
2026/07/03 17:45,05F0439S,05F0494S,41,0,0
2026/07/03 17:45,05F0439S,05F0494S,42,0,0
2026/07/03 17:45,05F0439S,05F0494S,5,217,4
2026/07/03 17:50,05F0000S,05F0055S,31,250,134
2026/07/03 17:50,05F0000S,05F0055S,32,251,39
2026/07/03 17:50,05F0000S,05F0055S,41,249,6
2026/07/03 17:50,05F0000S,05F0055S,42,0,0
2026/07/03 17:50,05F0000S,05F0055S,5,0,0
2026/07/03 17:50,05F0055S,05F0287S,31,1358,163
2026/07/03 17:50,05F0055S,05F0287S,32,1359,39
2026/07/03 17:50,05F0055S,05F0287S,41,1371,5
2026/07/03 17:50,05F0055S,05F0287S,42,0,0
2026/07/03 17:50,05F0055S,05F0287S,5,0,0
2026/07/03 17:50,05F0287S,05F0309S,31,88,125
2026/07/03 17:50,05F0287S,05F0309S,32,90,31
2026/07/03 17:50,05F0287S,05F0309S,41,96,4
2026/07/03 17:50,05F0287S,05F0309S,42,0,0
2026/07/03 17:50,05F0287S,05F0309S,5,0,0
2026/07/03 17:50,05F0309S,05F0439S,31,489,65
2026/07/03 17:50,05F0309S,05F0439S,32,487,26
2026/07/03 17:50,05F0309S,05F0439S,41,555,2
2026/07/03 17:50,05F0309S,05F0439S,42,727,1
2026/07/03 17:50,05F0309S,05F0439S,5,503,2
2026/07/03 17:50,05F0439S,05F0494S,31,197,28
2026/07/03 17:50,05F0439S,05F0494S,32,218,4
2026/07/03 17:50,05F0439S,05F0494S,41,0,0
2026/07/03 17:50,05F0439S,05F0494S,42,0,0
2026/07/03 17:50,05F0439S,05F0494S,5,215,8
2026/07/03 17:55,05F0000S,05F0055S,31,252,143
2026/07/03 17:55,05F0000S,05F0055S,32,251,32
2026/07/03 17:55,05F0000S,05F0055S,41,253,5
2026/07/03 17:55,05F0000S,05F0055S,42,0,0
2026/07/03 17:55,05F0000S,05F0055S,5,0,0
2026/07/03 17:55,05F0055S,05F0287S,31,1348,176
2026/07/03 17:55,05F0055S,05F0287S,32,1355,45
2026/07/03 17:55,05F0055S,05F0287S,41,1360,5
2026/07/03 17:55,05F0055S,05F0287S,42,0,0
2026/07/03 17:55,05F0055S,05F0287S,5,0,0
2026/07/03 17:55,05F0287S,05F0309S,31,89,120
2026/07/03 17:55,05F0287S,05F0309S,32,91,33
2026/07/03 17:55,05F0287S,05F0309S,41,94,4
2026/07/03 17:55,05F0287S,05F0309S,42,0,0
2026/07/03 17:55,05F0287S,05F0309S,5,0,0
2026/07/03 17:55,05F0309S,05F0439S,31,479,78
2026/07/03 17:55,05F0309S,05F0439S,32,485,24
2026/07/03 17:55,05F0309S,05F0439S,41,534,2
2026/07/03 17:55,05F0309S,05F0439S,42,493,1
2026/07/03 17:55,05F0309S,05F0439S,5,522,2
2026/07/03 17:55,05F0439S,05F0494S,31,197,27
2026/07/03 17:55,05F0439S,05F0494S,32,208,9
2026/07/03 17:55,05F0439S,05F0494S,41,1017,1
2026/07/03 17:55,05F0439S,05F0494S,42,308,1
2026/07/03 17:55,05F0439S,05F0494S,5,226,2
2026/07/03 18:00,05F0000S,05F0055S,31,253,137
2026/07/03 18:00,05F0000S,05F0055S,32,250,34
2026/07/03 18:00,05F0000S,05F0055S,41,247,8
2026/07/03 18:00,05F0000S,05F0055S,42,0,0
2026/07/03 18:00,05F0000S,05F0055S,5,0,0
2026/07/03 18:00,05F0055S,05F0287S,31,1369,174
2026/07/03 18:00,05F0055S,05F0287S,32,1374,53
2026/07/03 18:00,05F0055S,05F0287S,41,1381,4
2026/07/03 18:00,05F0055S,05F0287S,42,0,0
2026/07/03 18:00,05F0055S,05F0287S,5,0,0
2026/07/03 18:00,05F0287S,05F0309S,31,91,125
2026/07/03 18:00,05F0287S,05F0309S,32,95,29
2026/07/03 18:00,05F0287S,05F0309S,41,93,7
2026/07/03 18:00,05F0287S,05F0309S,42,0,0
2026/07/03 18:00,05F0287S,05F0309S,5,0,0
2026/07/03 18:00,05F0309S,05F0439S,31,479,68
2026/07/03 18:00,05F0309S,05F0439S,32,496,16
2026/07/03 18:00,05F0309S,05F0439S,41,528,2
2026/07/03 18:00,05F0309S,05F0439S,42,0,0
2026/07/03 18:00,05F0309S,05F0439S,5,503,1
2026/07/03 18:00,05F0439S,05F0494S,31,199,35
2026/07/03 18:00,05F0439S,05F0494S,32,210,9
2026/07/03 18:00,05F0439S,05F0494S,41,225,1
2026/07/03 18:00,05F0439S,05F0494S,42,199,1
2026/07/03 18:00,05F0439S,05F0494S,5,0,0
2026/07/03 18:05,05F0000S,05F0055S,31,257,142
2026/07/03 18:05,05F0000S,05F0055S,32,252,27
2026/07/03 18:05,05F0000S,05F0055S,41,259,3
2026/07/03 18:05,05F0000S,05F0055S,42,0,0
2026/07/03 18:05,05F0000S,05F0055S,5,0,0
2026/07/03 18:05,05F0055S,05F0287S,31,1366,166
2026/07/03 18:05,05F0055S,05F0287S,32,1372,44
2026/07/03 18:05,05F0055S,05F0287S,41,1398,6
2026/07/03 18:05,05F0055S,05F0287S,42,0,0
2026/07/03 18:05,05F0055S,05F0287S,5,0,0
2026/07/03 18:05,05F0287S,05F0309S,31,90,129
2026/07/03 18:05,05F0287S,05F0309S,32,94,43
2026/07/03 18:05,05F0287S,05F0309S,41,92,2
2026/07/03 18:05,05F0287S,05F0309S,42,0,0
2026/07/03 18:05,05F0287S,05F0309S,5,0,0
2026/07/03 18:05,05F0309S,05F0439S,31,489,60
2026/07/03 18:05,05F0309S,05F0439S,32,492,22
2026/07/03 18:05,05F0309S,05F0439S,41,529,3
2026/07/03 18:05,05F0309S,05F0439S,42,614,1
2026/07/03 18:05,05F0309S,05F0439S,5,456,2
2026/07/03 18:05,05F0439S,05F0494S,31,205,19
2026/07/03 18:05,05F0439S,05F0494S,32,233,3
2026/07/03 18:05,05F0439S,05F0494S,41,0,0
2026/07/03 18:05,05F0439S,05F0494S,42,0,0
2026/07/03 18:05,05F0439S,05F0494S,5,215,3
2026/07/03 18:10,05F0000S,05F0055S,31,249,127
2026/07/03 18:10,05F0000S,05F0055S,32,245,36
2026/07/03 18:10,05F0000S,05F0055S,41,247,7
2026/07/03 18:10,05F0000S,05F0055S,42,0,0
2026/07/03 18:10,05F0000S,05F0055S,5,0,0
2026/07/03 18:10,05F0055S,05F0287S,31,1362,164
2026/07/03 18:10,05F0055S,05F0287S,32,1359,57
2026/07/03 18:10,05F0055S,05F0287S,41,1363,3
2026/07/03 18:10,05F0055S,05F0287S,42,0,0
2026/07/03 18:10,05F0055S,05F0287S,5,0,0
2026/07/03 18:10,05F0287S,05F0309S,31,91,113
2026/07/03 18:10,05F0287S,05F0309S,32,91,47
2026/07/03 18:10,05F0287S,05F0309S,41,91,5
2026/07/03 18:10,05F0287S,05F0309S,42,0,0
2026/07/03 18:10,05F0287S,05F0309S,5,0,0
2026/07/03 18:10,05F0309S,05F0439S,31,489,77
2026/07/03 18:10,05F0309S,05F0439S,32,500,21
2026/07/03 18:10,05F0309S,05F0439S,41,525,4
2026/07/03 18:10,05F0309S,05F0439S,42,0,0
2026/07/03 18:10,05F0309S,05F0439S,5,549,2
2026/07/03 18:10,05F0439S,05F0494S,31,203,24
2026/07/03 18:10,05F0439S,05F0494S,32,204,7
2026/07/03 18:10,05F0439S,05F0494S,41,0,0
2026/07/03 18:10,05F0439S,05F0494S,42,0,0
2026/07/03 18:10,05F0439S,05F0494S,5,241,1
2026/07/03 18:15,05F0000S,05F0055S,31,248,121
2026/07/03 18:15,05F0000S,05F0055S,32,250,37
2026/07/03 18:15,05F0000S,05F0055S,41,262,7
2026/07/03 18:15,05F0000S,05F0055S,42,0,0
2026/07/03 18:15,05F0000S,05F0055S,5,0,0
2026/07/03 18:15,05F0055S,05F0287S,31,1326,171
2026/07/03 18:15,05F0055S,05F0287S,32,1327,44
2026/07/03 18:15,05F0055S,05F0287S,41,1353,8
2026/07/03 18:15,05F0055S,05F0287S,42,0,0
2026/07/03 18:15,05F0055S,05F0287S,5,0,0
2026/07/03 18:15,05F0287S,05F0309S,31,89,132
2026/07/03 18:15,05F0287S,05F0309S,32,88,35
2026/07/03 18:15,05F0287S,05F0309S,41,95,4
2026/07/03 18:15,05F0287S,05F0309S,42,0,0
2026/07/03 18:15,05F0287S,05F0309S,5,0,0
2026/07/03 18:15,05F0309S,05F0439S,31,492,73
2026/07/03 18:15,05F0309S,05F0439S,32,500,26
2026/07/03 18:15,05F0309S,05F0439S,41,510,2
2026/07/03 18:15,05F0309S,05F0439S,42,0,0
2026/07/03 18:15,05F0309S,05F0439S,5,518,4
2026/07/03 18:15,05F0439S,05F0494S,31,204,28
2026/07/03 18:15,05F0439S,05F0494S,32,208,12
2026/07/03 18:15,05F0439S,05F0494S,41,0,0
2026/07/03 18:15,05F0439S,05F0494S,42,0,0
2026/07/03 18:15,05F0439S,05F0494S,5,0,0
2026/07/03 18:20,05F0000S,05F0055S,31,269,131
2026/07/03 18:20,05F0000S,05F0055S,32,268,36
2026/07/03 18:20,05F0000S,05F0055S,41,262,7
2026/07/03 18:20,05F0000S,05F0055S,42,0,0
2026/07/03 18:20,05F0000S,05F0055S,5,0,0
2026/07/03 18:20,05F0055S,05F0287S,31,1302,177
2026/07/03 18:20,05F0055S,05F0287S,32,1298,39
2026/07/03 18:20,05F0055S,05F0287S,41,1326,5
2026/07/03 18:20,05F0055S,05F0287S,42,0,0
2026/07/03 18:20,05F0055S,05F0287S,5,0,0
2026/07/03 18:20,05F0287S,05F0309S,31,90,131
2026/07/03 18:20,05F0287S,05F0309S,32,93,29
2026/07/03 18:20,05F0287S,05F0309S,41,92,5
2026/07/03 18:20,05F0287S,05F0309S,42,0,0
2026/07/03 18:20,05F0287S,05F0309S,5,0,0
2026/07/03 18:20,05F0309S,05F0439S,31,487,78
2026/07/03 18:20,05F0309S,05F0439S,32,495,26
2026/07/03 18:20,05F0309S,05F0439S,41,544,3
2026/07/03 18:20,05F0309S,05F0439S,42,0,0
2026/07/03 18:20,05F0309S,05F0439S,5,506,4
2026/07/03 18:20,05F0439S,05F0494S,31,192,22
2026/07/03 18:20,05F0439S,05F0494S,32,182,5
2026/07/03 18:20,05F0439S,05F0494S,41,0,0
2026/07/03 18:20,05F0439S,05F0494S,42,0,0
2026/07/03 18:20,05F0439S,05F0494S,5,203,3
2026/07/03 18:25,05F0000S,05F0055S,31,260,155
2026/07/03 18:25,05F0000S,05F0055S,32,263,35
2026/07/03 18:25,05F0000S,05F0055S,41,273,3
2026/07/03 18:25,05F0000S,05F0055S,42,0,0
2026/07/03 18:25,05F0000S,05F0055S,5,0,0
2026/07/03 18:25,05F0055S,05F0287S,31,1263,165
2026/07/03 18:25,05F0055S,05F0287S,32,1267,33
2026/07/03 18:25,05F0055S,05F0287S,41,1299,7
2026/07/03 18:25,05F0055S,05F0287S,42,0,0
2026/07/03 18:25,05F0055S,05F0287S,5,0,0
2026/07/03 18:25,05F0287S,05F0309S,31,89,124
2026/07/03 18:25,05F0287S,05F0309S,32,92,28
2026/07/03 18:25,05F0287S,05F0309S,41,94,6
2026/07/03 18:25,05F0287S,05F0309S,42,0,0
2026/07/03 18:25,05F0287S,05F0309S,5,0,0
2026/07/03 18:25,05F0309S,05F0439S,31,490,77
2026/07/03 18:25,05F0309S,05F0439S,32,485,27
2026/07/03 18:25,05F0309S,05F0439S,41,533,2
2026/07/03 18:25,05F0309S,05F0439S,42,481,1
2026/07/03 18:25,05F0309S,05F0439S,5,553,4
2026/07/03 18:25,05F0439S,05F0494S,31,203,24
2026/07/03 18:25,05F0439S,05F0494S,32,214,4
2026/07/03 18:25,05F0439S,05F0494S,41,0,0
2026/07/03 18:25,05F0439S,05F0494S,42,0,0
2026/07/03 18:25,05F0439S,05F0494S,5,209,3
2026/07/03 18:30,05F0000S,05F0055S,31,258,141
2026/07/03 18:30,05F0000S,05F0055S,32,256,30
2026/07/03 18:30,05F0000S,05F0055S,41,265,5
2026/07/03 18:30,05F0000S,05F0055S,42,0,0
2026/07/03 18:30,05F0000S,05F0055S,5,0,0
2026/07/03 18:30,05F0055S,05F0287S,31,1265,176
2026/07/03 18:30,05F0055S,05F0287S,32,1236,50
2026/07/03 18:30,05F0055S,05F0287S,41,1190,9
2026/07/03 18:30,05F0055S,05F0287S,42,0,0
2026/07/03 18:30,05F0055S,05F0287S,5,0,0
2026/07/03 18:30,05F0287S,05F0309S,31,91,124
2026/07/03 18:30,05F0287S,05F0309S,32,91,36
2026/07/03 18:30,05F0287S,05F0309S,41,93,5
2026/07/03 18:30,05F0287S,05F0309S,42,0,0
2026/07/03 18:30,05F0287S,05F0309S,5,0,0
2026/07/03 18:30,05F0309S,05F0439S,31,484,73
2026/07/03 18:30,05F0309S,05F0439S,32,496,18
2026/07/03 18:30,05F0309S,05F0439S,41,542,4
2026/07/03 18:30,05F0309S,05F0439S,42,0,0
2026/07/03 18:30,05F0309S,05F0439S,5,506,1
2026/07/03 18:30,05F0439S,05F0494S,31,208,38
2026/07/03 18:30,05F0439S,05F0494S,32,208,8
2026/07/03 18:30,05F0439S,05F0494S,41,0,0
2026/07/03 18:30,05F0439S,05F0494S,42,0,0
2026/07/03 18:30,05F0439S,05F0494S,5,243,2
2026/07/03 18:35,05F0000S,05F0055S,31,255,128
2026/07/03 18:35,05F0000S,05F0055S,32,256,28
2026/07/03 18:35,05F0000S,05F0055S,41,259,8
2026/07/03 18:35,05F0000S,05F0055S,42,0,0
2026/07/03 18:35,05F0000S,05F0055S,5,0,0
2026/07/03 18:35,05F0055S,05F0287S,31,1251,141
2026/07/03 18:35,05F0055S,05F0287S,32,1145,46
2026/07/03 18:35,05F0055S,05F0287S,41,1122,8
2026/07/03 18:35,05F0055S,05F0287S,42,0,0
2026/07/03 18:35,05F0055S,05F0287S,5,0,0
2026/07/03 18:35,05F0287S,05F0309S,31,88,115
2026/07/03 18:35,05F0287S,05F0309S,32,90,36
2026/07/03 18:35,05F0287S,05F0309S,41,93,10
2026/07/03 18:35,05F0287S,05F0309S,42,0,0
2026/07/03 18:35,05F0287S,05F0309S,5,0,0
2026/07/03 18:35,05F0309S,05F0439S,31,485,74
2026/07/03 18:35,05F0309S,05F0439S,32,491,15
2026/07/03 18:35,05F0309S,05F0439S,41,524,1
2026/07/03 18:35,05F0309S,05F0439S,42,481,1
2026/07/03 18:35,05F0309S,05F0439S,5,518,4
2026/07/03 18:35,05F0439S,05F0494S,31,200,23
2026/07/03 18:35,05F0439S,05F0494S,32,223,3
2026/07/03 18:35,05F0439S,05F0494S,41,0,0
2026/07/03 18:35,05F0439S,05F0494S,42,180,1
2026/07/03 18:35,05F0439S,05F0494S,5,206,3
2026/07/03 18:40,05F0000S,05F0055S,31,256,119
2026/07/03 18:40,05F0000S,05F0055S,32,256,40
2026/07/03 18:40,05F0000S,05F0055S,41,261,8
2026/07/03 18:40,05F0000S,05F0055S,42,0,0
2026/07/03 18:40,05F0000S,05F0055S,5,0,0
2026/07/03 18:40,05F0055S,05F0287S,31,1260,152
2026/07/03 18:40,05F0055S,05F0287S,32,1116,39
2026/07/03 18:40,05F0055S,05F0287S,41,1106,5
2026/07/03 18:40,05F0055S,05F0287S,42,0,0
2026/07/03 18:40,05F0055S,05F0287S,5,0,0
2026/07/03 18:40,05F0287S,05F0309S,31,86,89
2026/07/03 18:40,05F0287S,05F0309S,32,89,31
2026/07/03 18:40,05F0287S,05F0309S,41,92,5
2026/07/03 18:40,05F0287S,05F0309S,42,0,0
2026/07/03 18:40,05F0287S,05F0309S,5,0,0
2026/07/03 18:40,05F0309S,05F0439S,31,486,69
2026/07/03 18:40,05F0309S,05F0439S,32,486,22
2026/07/03 18:40,05F0309S,05F0439S,41,527,5
2026/07/03 18:40,05F0309S,05F0439S,42,559,1
2026/07/03 18:40,05F0309S,05F0439S,5,552,2
2026/07/03 18:40,05F0439S,05F0494S,31,199,14
2026/07/03 18:40,05F0439S,05F0494S,32,208,5
2026/07/03 18:40,05F0439S,05F0494S,41,0,0
2026/07/03 18:40,05F0439S,05F0494S,42,0,0
2026/07/03 18:40,05F0439S,05F0494S,5,210,2
2026/07/03 18:45,05F0000S,05F0055S,31,251,132
2026/07/03 18:45,05F0000S,05F0055S,32,257,27
2026/07/03 18:45,05F0000S,05F0055S,41,253,6
2026/07/03 18:45,05F0000S,05F0055S,42,0,0
2026/07/03 18:45,05F0000S,05F0055S,5,0,0
2026/07/03 18:45,05F0055S,05F0287S,31,1239,166
2026/07/03 18:45,05F0055S,05F0287S,32,1152,37
2026/07/03 18:45,05F0055S,05F0287S,41,1137,4
2026/07/03 18:45,05F0055S,05F0287S,42,0,0
2026/07/03 18:45,05F0055S,05F0287S,5,0,0
2026/07/03 18:45,05F0287S,05F0309S,31,90,130
2026/07/03 18:45,05F0287S,05F0309S,32,89,29
2026/07/03 18:45,05F0287S,05F0309S,41,98,4
2026/07/03 18:45,05F0287S,05F0309S,42,0,0
2026/07/03 18:45,05F0287S,05F0309S,5,0,0
2026/07/03 18:45,05F0309S,05F0439S,31,480,62
2026/07/03 18:45,05F0309S,05F0439S,32,487,21
2026/07/03 18:45,05F0309S,05F0439S,41,534,5
2026/07/03 18:45,05F0309S,05F0439S,42,0,0
2026/07/03 18:45,05F0309S,05F0439S,5,536,1
2026/07/03 18:45,05F0439S,05F0494S,31,201,20
2026/07/03 18:45,05F0439S,05F0494S,32,208,8
2026/07/03 18:45,05F0439S,05F0494S,41,0,0
2026/07/03 18:45,05F0439S,05F0494S,42,210,1
2026/07/03 18:45,05F0439S,05F0494S,5,237,3
2026/07/03 18:50,05F0000S,05F0055S,31,255,132
2026/07/03 18:50,05F0000S,05F0055S,32,254,36
2026/07/03 18:50,05F0000S,05F0055S,41,254,10
2026/07/03 18:50,05F0000S,05F0055S,42,0,0
2026/07/03 18:50,05F0000S,05F0055S,5,0,0
2026/07/03 18:50,05F0055S,05F0287S,31,1219,163
2026/07/03 18:50,05F0055S,05F0287S,32,1207,43
2026/07/03 18:50,05F0055S,05F0287S,41,1113,7
2026/07/03 18:50,05F0055S,05F0287S,42,0,0
2026/07/03 18:50,05F0055S,05F0287S,5,0,0
2026/07/03 18:50,05F0287S,05F0309S,31,89,116
2026/07/03 18:50,05F0287S,05F0309S,32,89,29
2026/07/03 18:50,05F0287S,05F0309S,41,91,4
2026/07/03 18:50,05F0287S,05F0309S,42,0,0
2026/07/03 18:50,05F0287S,05F0309S,5,0,0
2026/07/03 18:50,05F0309S,05F0439S,31,489,69
2026/07/03 18:50,05F0309S,05F0439S,32,492,23
2026/07/03 18:50,05F0309S,05F0439S,41,519,2
2026/07/03 18:50,05F0309S,05F0439S,42,548,1
2026/07/03 18:50,05F0309S,05F0439S,5,519,2
2026/07/03 18:50,05F0439S,05F0494S,31,202,23
2026/07/03 18:50,05F0439S,05F0494S,32,213,8
2026/07/03 18:50,05F0439S,05F0494S,41,0,0
2026/07/03 18:50,05F0439S,05F0494S,42,0,0
2026/07/03 18:50,05F0439S,05F0494S,5,0,0
2026/07/03 18:55,05F0000S,05F0055S,31,251,113
2026/07/03 18:55,05F0000S,05F0055S,32,247,30
2026/07/03 18:55,05F0000S,05F0055S,41,252,8
2026/07/03 18:55,05F0000S,05F0055S,42,0,0
2026/07/03 18:55,05F0000S,05F0055S,5,0,0
2026/07/03 18:55,05F0055S,05F0287S,31,1204,158
2026/07/03 18:55,05F0055S,05F0287S,32,1121,38
2026/07/03 18:55,05F0055S,05F0287S,41,1111,6
2026/07/03 18:55,05F0055S,05F0287S,42,0,0
2026/07/03 18:55,05F0055S,05F0287S,5,0,0
2026/07/03 18:55,05F0287S,05F0309S,31,90,105
2026/07/03 18:55,05F0287S,05F0309S,32,90,28
2026/07/03 18:55,05F0287S,05F0309S,41,94,7
2026/07/03 18:55,05F0287S,05F0309S,42,0,0
2026/07/03 18:55,05F0287S,05F0309S,5,0,0
2026/07/03 18:55,05F0309S,05F0439S,31,487,67
2026/07/03 18:55,05F0309S,05F0439S,32,483,15
2026/07/03 18:55,05F0309S,05F0439S,41,525,3
2026/07/03 18:55,05F0309S,05F0439S,42,0,0
2026/07/03 18:55,05F0309S,05F0439S,5,0,0
2026/07/03 18:55,05F0439S,05F0494S,31,207,24
2026/07/03 18:55,05F0439S,05F0494S,32,211,8
2026/07/03 18:55,05F0439S,05F0494S,41,0,0
2026/07/03 18:55,05F0439S,05F0494S,42,223,2
2026/07/03 18:55,05F0439S,05F0494S,5,223,2
2026/07/03 19:00,05F0000S,05F0055S,31,265,154
2026/07/03 19:00,05F0000S,05F0055S,32,265,41
2026/07/03 19:00,05F0000S,05F0055S,41,269,4
2026/07/03 19:00,05F0000S,05F0055S,42,0,0
2026/07/03 19:00,05F0000S,05F0055S,5,0,0
2026/07/03 19:00,05F0055S,05F0287S,31,1156,141
2026/07/03 19:00,05F0055S,05F0287S,32,1159,43
2026/07/03 19:00,05F0055S,05F0287S,41,1063,9
2026/07/03 19:00,05F0055S,05F0287S,42,0,0
2026/07/03 19:00,05F0055S,05F0287S,5,0,0
2026/07/03 19:00,05F0287S,05F0309S,31,87,110
2026/07/03 19:00,05F0287S,05F0309S,32,88,32
2026/07/03 19:00,05F0287S,05F0309S,41,93,7
2026/07/03 19:00,05F0287S,05F0309S,42,0,0
2026/07/03 19:00,05F0287S,05F0309S,5,0,0
2026/07/03 19:00,05F0309S,05F0439S,31,495,77
2026/07/03 19:00,05F0309S,05F0439S,32,486,12
2026/07/03 19:00,05F0309S,05F0439S,41,535,3
2026/07/03 19:00,05F0309S,05F0439S,42,0,0
2026/07/03 19:00,05F0309S,05F0439S,5,565,1
2026/07/03 19:00,05F0439S,05F0494S,31,200,25
2026/07/03 19:00,05F0439S,05F0494S,32,202,6
2026/07/03 19:00,05F0439S,05F0494S,41,0,0
2026/07/03 19:00,05F0439S,05F0494S,42,0,0
2026/07/03 19:00,05F0439S,05F0494S,5,0,0
2026/07/03 19:05,05F0000S,05F0055S,31,263,139
2026/07/03 19:05,05F0000S,05F0055S,32,261,21
2026/07/03 19:05,05F0000S,05F0055S,41,269,7
2026/07/03 19:05,05F0000S,05F0055S,42,0,0
2026/07/03 19:05,05F0000S,05F0055S,5,0,0
2026/07/03 19:05,05F0055S,05F0287S,31,1182,138
2026/07/03 19:05,05F0055S,05F0287S,32,1182,33
2026/07/03 19:05,05F0055S,05F0287S,41,1076,9
2026/07/03 19:05,05F0055S,05F0287S,42,0,0
2026/07/03 19:05,05F0055S,05F0287S,5,0,0
2026/07/03 19:05,05F0287S,05F0309S,31,87,98
2026/07/03 19:05,05F0287S,05F0309S,32,89,24
2026/07/03 19:05,05F0287S,05F0309S,41,93,6
2026/07/03 19:05,05F0287S,05F0309S,42,0,0
2026/07/03 19:05,05F0287S,05F0309S,5,0,0
2026/07/03 19:05,05F0309S,05F0439S,31,495,69
2026/07/03 19:05,05F0309S,05F0439S,32,486,17
2026/07/03 19:05,05F0309S,05F0439S,41,529,2
2026/07/03 19:05,05F0309S,05F0439S,42,0,0
2026/07/03 19:05,05F0309S,05F0439S,5,493,3
2026/07/03 19:05,05F0439S,05F0494S,31,199,26
2026/07/03 19:05,05F0439S,05F0494S,32,206,7
2026/07/03 19:05,05F0439S,05F0494S,41,0,0
2026/07/03 19:05,05F0439S,05F0494S,42,238,1
2026/07/03 19:05,05F0439S,05F0494S,5,234,3
2026/07/03 19:10,05F0000S,05F0055S,31,268,130
2026/07/03 19:10,05F0000S,05F0055S,32,268,33
2026/07/03 19:10,05F0000S,05F0055S,41,276,9
2026/07/03 19:10,05F0000S,05F0055S,42,0,0
2026/07/03 19:10,05F0000S,05F0055S,5,0,0
2026/07/03 19:10,05F0055S,05F0287S,31,1157,151
2026/07/03 19:10,05F0055S,05F0287S,32,1155,42
2026/07/03 19:10,05F0055S,05F0287S,41,1081,9
2026/07/03 19:10,05F0055S,05F0287S,42,0,0
2026/07/03 19:10,05F0055S,05F0287S,5,0,0
2026/07/03 19:10,05F0287S,05F0309S,31,89,117
2026/07/03 19:10,05F0287S,05F0309S,32,88,30
2026/07/03 19:10,05F0287S,05F0309S,41,95,9
2026/07/03 19:10,05F0287S,05F0309S,42,0,0
2026/07/03 19:10,05F0287S,05F0309S,5,0,0
2026/07/03 19:10,05F0309S,05F0439S,31,487,65
2026/07/03 19:10,05F0309S,05F0439S,32,491,19
2026/07/03 19:10,05F0309S,05F0439S,41,535,3
2026/07/03 19:10,05F0309S,05F0439S,42,0,0
2026/07/03 19:10,05F0309S,05F0439S,5,546,4
2026/07/03 19:10,05F0439S,05F0494S,31,208,16
2026/07/03 19:10,05F0439S,05F0494S,32,200,9
2026/07/03 19:10,05F0439S,05F0494S,41,0,0
2026/07/03 19:10,05F0439S,05F0494S,42,0,0
2026/07/03 19:10,05F0439S,05F0494S,5,217,2
2026/07/03 19:15,05F0000S,05F0055S,31,279,160
2026/07/03 19:15,05F0000S,05F0055S,32,283,43
2026/07/03 19:15,05F0000S,05F0055S,41,271,8
2026/07/03 19:15,05F0000S,05F0055S,42,0,0
2026/07/03 19:15,05F0000S,05F0055S,5,0,0
2026/07/03 19:15,05F0055S,05F0287S,31,1097,116
2026/07/03 19:15,05F0055S,05F0287S,32,1098,35
2026/07/03 19:15,05F0055S,05F0287S,41,1119,7
2026/07/03 19:15,05F0055S,05F0287S,42,0,0
2026/07/03 19:15,05F0055S,05F0287S,5,0,0
2026/07/03 19:15,05F0287S,05F0309S,31,89,98
2026/07/03 19:15,05F0287S,05F0309S,32,89,27
2026/07/03 19:15,05F0287S,05F0309S,41,92,5
2026/07/03 19:15,05F0287S,05F0309S,42,0,0
2026/07/03 19:15,05F0287S,05F0309S,5,0,0
2026/07/03 19:15,05F0309S,05F0439S,31,498,64
2026/07/03 19:15,05F0309S,05F0439S,32,514,15
2026/07/03 19:15,05F0309S,05F0439S,41,555,4
2026/07/03 19:15,05F0309S,05F0439S,42,0,0
2026/07/03 19:15,05F0309S,05F0439S,5,0,0
2026/07/03 19:15,05F0439S,05F0494S,31,197,13
2026/07/03 19:15,05F0439S,05F0494S,32,223,2
2026/07/03 19:15,05F0439S,05F0494S,41,0,0
2026/07/03 19:15,05F0439S,05F0494S,42,0,0
2026/07/03 19:15,05F0439S,05F0494S,5,230,4
2026/07/03 19:20,05F0000S,05F0055S,31,266,160
2026/07/03 19:20,05F0000S,05F0055S,32,269,20
2026/07/03 19:20,05F0000S,05F0055S,41,266,8
2026/07/03 19:20,05F0000S,05F0055S,42,0,0
2026/07/03 19:20,05F0000S,05F0055S,5,0,0
2026/07/03 19:20,05F0055S,05F0287S,31,1186,158
2026/07/03 19:20,05F0055S,05F0287S,32,1158,34
2026/07/03 19:20,05F0055S,05F0287S,41,1145,3
2026/07/03 19:20,05F0055S,05F0287S,42,0,0
2026/07/03 19:20,05F0055S,05F0287S,5,0,0
2026/07/03 19:20,05F0287S,05F0309S,31,89,95
2026/07/03 19:20,05F0287S,05F0309S,32,87,25
2026/07/03 19:20,05F0287S,05F0309S,41,93,4
2026/07/03 19:20,05F0287S,05F0309S,42,0,0
2026/07/03 19:20,05F0287S,05F0309S,5,0,0
2026/07/03 19:20,05F0309S,05F0439S,31,484,57
2026/07/03 19:20,05F0309S,05F0439S,32,488,23
2026/07/03 19:20,05F0309S,05F0439S,41,520,7
2026/07/03 19:20,05F0309S,05F0439S,42,541,1
2026/07/03 19:20,05F0309S,05F0439S,5,0,0
2026/07/03 19:20,05F0439S,05F0494S,31,201,19
2026/07/03 19:20,05F0439S,05F0494S,32,203,6
2026/07/03 19:20,05F0439S,05F0494S,41,0,0
2026/07/03 19:20,05F0439S,05F0494S,42,0,0
2026/07/03 19:20,05F0439S,05F0494S,5,0,0
2026/07/03 19:25,05F0000S,05F0055S,31,291,149
2026/07/03 19:25,05F0000S,05F0055S,32,289,42
2026/07/03 19:25,05F0000S,05F0055S,41,285,9
2026/07/03 19:25,05F0000S,05F0055S,42,0,0
2026/07/03 19:25,05F0000S,05F0055S,5,0,0
2026/07/03 19:25,05F0055S,05F0287S,31,1141,178
2026/07/03 19:25,05F0055S,05F0287S,32,1136,32
2026/07/03 19:25,05F0055S,05F0287S,41,1101,11
2026/07/03 19:25,05F0055S,05F0287S,42,0,0
2026/07/03 19:25,05F0055S,05F0287S,5,0,0
2026/07/03 19:25,05F0287S,05F0309S,31,89,134
2026/07/03 19:25,05F0287S,05F0309S,32,90,24
2026/07/03 19:25,05F0287S,05F0309S,41,94,6
2026/07/03 19:25,05F0287S,05F0309S,42,0,0
2026/07/03 19:25,05F0287S,05F0309S,5,0,0
2026/07/03 19:25,05F0309S,05F0439S,31,507,51
2026/07/03 19:25,05F0309S,05F0439S,32,502,18
2026/07/03 19:25,05F0309S,05F0439S,41,529,2
2026/07/03 19:25,05F0309S,05F0439S,42,524,1
2026/07/03 19:25,05F0309S,05F0439S,5,505,2
2026/07/03 19:25,05F0439S,05F0494S,31,206,21
2026/07/03 19:25,05F0439S,05F0494S,32,213,8
2026/07/03 19:25,05F0439S,05F0494S,41,0,0
2026/07/03 19:25,05F0439S,05F0494S,42,224,2
2026/07/03 19:25,05F0439S,05F0494S,5,193,1
2026/07/03 19:30,05F0000S,05F0055S,31,296,146
2026/07/03 19:30,05F0000S,05F0055S,32,294,33
2026/07/03 19:30,05F0000S,05F0055S,41,287,11
2026/07/03 19:30,05F0000S,05F0055S,42,0,0
2026/07/03 19:30,05F0000S,05F0055S,5,0,0
2026/07/03 19:30,05F0055S,05F0287S,31,1094,148
2026/07/03 19:30,05F0055S,05F0287S,32,1095,44
2026/07/03 19:30,05F0055S,05F0287S,41,1080,6
2026/07/03 19:30,05F0055S,05F0287S,42,0,0
2026/07/03 19:30,05F0055S,05F0287S,5,0,0
2026/07/03 19:30,05F0287S,05F0309S,31,89,130
2026/07/03 19:30,05F0287S,05F0309S,32,90,26
2026/07/03 19:30,05F0287S,05F0309S,41,92,9
2026/07/03 19:30,05F0287S,05F0309S,42,0,0
2026/07/03 19:30,05F0287S,05F0309S,5,0,0
2026/07/03 19:30,05F0309S,05F0439S,31,490,77
2026/07/03 19:30,05F0309S,05F0439S,32,503,15
2026/07/03 19:30,05F0309S,05F0439S,41,541,3
2026/07/03 19:30,05F0309S,05F0439S,42,623,1
2026/07/03 19:30,05F0309S,05F0439S,5,537,2
2026/07/03 19:30,05F0439S,05F0494S,31,209,21
2026/07/03 19:30,05F0439S,05F0494S,32,213,2
2026/07/03 19:30,05F0439S,05F0494S,41,0,0
2026/07/03 19:30,05F0439S,05F0494S,42,0,0
2026/07/03 19:30,05F0439S,05F0494S,5,207,1
2026/07/03 19:35,05F0000S,05F0055S,31,312,166
2026/07/03 19:35,05F0000S,05F0055S,32,309,40
2026/07/03 19:35,05F0000S,05F0055S,41,316,8
2026/07/03 19:35,05F0000S,05F0055S,42,0,0
2026/07/03 19:35,05F0000S,05F0055S,5,0,0
2026/07/03 19:35,05F0055S,05F0287S,31,1103,173
2026/07/03 19:35,05F0055S,05F0287S,32,1102,39
2026/07/03 19:35,05F0055S,05F0287S,41,1102,7
2026/07/03 19:35,05F0055S,05F0287S,42,0,0
2026/07/03 19:35,05F0055S,05F0287S,5,0,0
2026/07/03 19:35,05F0287S,05F0309S,31,90,128
2026/07/03 19:35,05F0287S,05F0309S,32,91,37
2026/07/03 19:35,05F0287S,05F0309S,41,93,6
2026/07/03 19:35,05F0287S,05F0309S,42,0,0
2026/07/03 19:35,05F0287S,05F0309S,5,0,0
2026/07/03 19:35,05F0309S,05F0439S,31,502,99
2026/07/03 19:35,05F0309S,05F0439S,32,503,18
2026/07/03 19:35,05F0309S,05F0439S,41,533,3
2026/07/03 19:35,05F0309S,05F0439S,42,618,1
2026/07/03 19:35,05F0309S,05F0439S,5,634,1
2026/07/03 19:35,05F0439S,05F0494S,31,209,28
2026/07/03 19:35,05F0439S,05F0494S,32,200,6
2026/07/03 19:35,05F0439S,05F0494S,41,0,0
2026/07/03 19:35,05F0439S,05F0494S,42,272,1
2026/07/03 19:35,05F0439S,05F0494S,5,206,1
2026/07/03 19:40,05F0000S,05F0055S,31,299,181
2026/07/03 19:40,05F0000S,05F0055S,32,300,36
2026/07/03 19:40,05F0000S,05F0055S,41,280,11
2026/07/03 19:40,05F0000S,05F0055S,42,0,0
2026/07/03 19:40,05F0000S,05F0055S,5,0,0
2026/07/03 19:40,05F0055S,05F0287S,31,1129,166
2026/07/03 19:40,05F0055S,05F0287S,32,1127,27
2026/07/03 19:40,05F0055S,05F0287S,41,1116,7
2026/07/03 19:40,05F0055S,05F0287S,42,0,0
2026/07/03 19:40,05F0055S,05F0287S,5,0,0
2026/07/03 19:40,05F0287S,05F0309S,31,87,110
2026/07/03 19:40,05F0287S,05F0309S,32,89,17
2026/07/03 19:40,05F0287S,05F0309S,41,91,5
2026/07/03 19:40,05F0287S,05F0309S,42,0,0
2026/07/03 19:40,05F0287S,05F0309S,5,0,0
2026/07/03 19:40,05F0309S,05F0439S,31,482,80
2026/07/03 19:40,05F0309S,05F0439S,32,496,12
2026/07/03 19:40,05F0309S,05F0439S,41,541,5
2026/07/03 19:40,05F0309S,05F0439S,42,0,0
2026/07/03 19:40,05F0309S,05F0439S,5,506,5
2026/07/03 19:40,05F0439S,05F0494S,31,209,25
2026/07/03 19:40,05F0439S,05F0494S,32,210,6
2026/07/03 19:40,05F0439S,05F0494S,41,0,0
2026/07/03 19:40,05F0439S,05F0494S,42,0,0
2026/07/03 19:40,05F0439S,05F0494S,5,193,1
2026/07/03 19:45,05F0000S,05F0055S,31,254,134
2026/07/03 19:45,05F0000S,05F0055S,32,253,26
2026/07/03 19:45,05F0000S,05F0055S,41,252,6
2026/07/03 19:45,05F0000S,05F0055S,42,0,0
2026/07/03 19:45,05F0000S,05F0055S,5,0,0
2026/07/03 19:45,05F0055S,05F0287S,31,1138,157
2026/07/03 19:45,05F0055S,05F0287S,32,1140,45
2026/07/03 19:45,05F0055S,05F0287S,41,1139,11
2026/07/03 19:45,05F0055S,05F0287S,42,0,0
2026/07/03 19:45,05F0055S,05F0287S,5,0,0
2026/07/03 19:45,05F0287S,05F0309S,31,90,121
2026/07/03 19:45,05F0287S,05F0309S,32,90,31
2026/07/03 19:45,05F0287S,05F0309S,41,95,8
2026/07/03 19:45,05F0287S,05F0309S,42,0,0
2026/07/03 19:45,05F0287S,05F0309S,5,0,0
2026/07/03 19:45,05F0309S,05F0439S,31,490,66
2026/07/03 19:45,05F0309S,05F0439S,32,499,15
2026/07/03 19:45,05F0309S,05F0439S,41,529,5
2026/07/03 19:45,05F0309S,05F0439S,42,484,1
2026/07/03 19:45,05F0309S,05F0439S,5,536,4
2026/07/03 19:45,05F0439S,05F0494S,31,211,26
2026/07/03 19:45,05F0439S,05F0494S,32,247,6
2026/07/03 19:45,05F0439S,05F0494S,41,0,0
2026/07/03 19:45,05F0439S,05F0494S,42,0,0
2026/07/03 19:45,05F0439S,05F0494S,5,209,3
2026/07/03 19:50,05F0000S,05F0055S,31,266,150
2026/07/03 19:50,05F0000S,05F0055S,32,271,28
2026/07/03 19:50,05F0000S,05F0055S,41,274,11
2026/07/03 19:50,05F0000S,05F0055S,42,0,0
2026/07/03 19:50,05F0000S,05F0055S,5,0,0
2026/07/03 19:50,05F0055S,05F0287S,31,1137,158
2026/07/03 19:50,05F0055S,05F0287S,32,1139,36
2026/07/03 19:50,05F0055S,05F0287S,41,1122,11
2026/07/03 19:50,05F0055S,05F0287S,42,0,0
2026/07/03 19:50,05F0055S,05F0287S,5,0,0
2026/07/03 19:50,05F0287S,05F0309S,31,89,126
2026/07/03 19:50,05F0287S,05F0309S,32,90,26
2026/07/03 19:50,05F0287S,05F0309S,41,90,10
2026/07/03 19:50,05F0287S,05F0309S,42,0,0
2026/07/03 19:50,05F0287S,05F0309S,5,0,0
2026/07/03 19:50,05F0309S,05F0439S,31,484,63
2026/07/03 19:50,05F0309S,05F0439S,32,494,21
2026/07/03 19:50,05F0309S,05F0439S,41,544,2
2026/07/03 19:50,05F0309S,05F0439S,42,0,0
2026/07/03 19:50,05F0309S,05F0439S,5,548,2
2026/07/03 19:50,05F0439S,05F0494S,31,204,21
2026/07/03 19:50,05F0439S,05F0494S,32,228,4
2026/07/03 19:50,05F0439S,05F0494S,41,0,0
2026/07/03 19:50,05F0439S,05F0494S,42,198,1
2026/07/03 19:50,05F0439S,05F0494S,5,212,2
2026/07/03 19:55,05F0000S,05F0055S,31,264,142
2026/07/03 19:55,05F0000S,05F0055S,32,266,27
2026/07/03 19:55,05F0000S,05F0055S,41,264,8
2026/07/03 19:55,05F0000S,05F0055S,42,0,0
2026/07/03 19:55,05F0000S,05F0055S,5,0,0
2026/07/03 19:55,05F0055S,05F0287S,31,1143,182
2026/07/03 19:55,05F0055S,05F0287S,32,1151,43
2026/07/03 19:55,05F0055S,05F0287S,41,1141,7
2026/07/03 19:55,05F0055S,05F0287S,42,0,0
2026/07/03 19:55,05F0055S,05F0287S,5,0,0
2026/07/03 19:55,05F0287S,05F0309S,31,93,128
2026/07/03 19:55,05F0287S,05F0309S,32,93,36
2026/07/03 19:55,05F0287S,05F0309S,41,100,5
2026/07/03 19:55,05F0287S,05F0309S,42,0,0
2026/07/03 19:55,05F0287S,05F0309S,5,0,0
2026/07/03 19:55,05F0309S,05F0439S,31,490,74
2026/07/03 19:55,05F0309S,05F0439S,32,499,18
2026/07/03 19:55,05F0309S,05F0439S,41,532,5
2026/07/03 19:55,05F0309S,05F0439S,42,534,1
2026/07/03 19:55,05F0309S,05F0439S,5,517,1
2026/07/03 19:55,05F0439S,05F0494S,31,196,27
2026/07/03 19:55,05F0439S,05F0494S,32,203,12
2026/07/03 19:55,05F0439S,05F0494S,41,0,0
2026/07/03 19:55,05F0439S,05F0494S,42,0,0
2026/07/03 19:55,05F0439S,05F0494S,5,222,2
2026/07/03 20:00,05F0000S,05F0055S,31,259,151
2026/07/03 20:00,05F0000S,05F0055S,32,264,31
2026/07/03 20:00,05F0000S,05F0055S,41,261,7
2026/07/03 20:00,05F0000S,05F0055S,42,0,0
2026/07/03 20:00,05F0000S,05F0055S,5,0,0
2026/07/03 20:00,05F0055S,05F0287S,31,1146,176
2026/07/03 20:00,05F0055S,05F0287S,32,1150,36
2026/07/03 20:00,05F0055S,05F0287S,41,1141,13
2026/07/03 20:00,05F0055S,05F0287S,42,0,0
2026/07/03 20:00,05F0055S,05F0287S,5,0,0
2026/07/03 20:00,05F0287S,05F0309S,31,90,133
2026/07/03 20:00,05F0287S,05F0309S,32,93,23
2026/07/03 20:00,05F0287S,05F0309S,41,90,12
2026/07/03 20:00,05F0287S,05F0309S,42,0,0
2026/07/03 20:00,05F0287S,05F0309S,5,0,0
2026/07/03 20:00,05F0309S,05F0439S,31,491,74
2026/07/03 20:00,05F0309S,05F0439S,32,512,16
2026/07/03 20:00,05F0309S,05F0439S,41,529,4
2026/07/03 20:00,05F0309S,05F0439S,42,539,1
2026/07/03 20:00,05F0309S,05F0439S,5,0,0
2026/07/03 20:00,05F0439S,05F0494S,31,201,32
2026/07/03 20:00,05F0439S,05F0494S,32,203,6
2026/07/03 20:00,05F0439S,05F0494S,41,0,0
2026/07/03 20:00,05F0439S,05F0494S,42,208,1
2026/07/03 20:00,05F0439S,05F0494S,5,214,1
2026/07/03 20:05,05F0000S,05F0055S,31,264,141
2026/07/03 20:05,05F0000S,05F0055S,32,264,35
2026/07/03 20:05,05F0000S,05F0055S,41,273,5
2026/07/03 20:05,05F0000S,05F0055S,42,0,0
2026/07/03 20:05,05F0000S,05F0055S,5,0,0
2026/07/03 20:05,05F0055S,05F0287S,31,1121,181
2026/07/03 20:05,05F0055S,05F0287S,32,1127,35
2026/07/03 20:05,05F0055S,05F0287S,41,1145,5
2026/07/03 20:05,05F0055S,05F0287S,42,0,0
2026/07/03 20:05,05F0055S,05F0287S,5,0,0
2026/07/03 20:05,05F0287S,05F0309S,31,88,132
2026/07/03 20:05,05F0287S,05F0309S,32,89,24
2026/07/03 20:05,05F0287S,05F0309S,41,91,5
2026/07/03 20:05,05F0287S,05F0309S,42,0,0
2026/07/03 20:05,05F0287S,05F0309S,5,0,0
2026/07/03 20:05,05F0309S,05F0439S,31,504,85
2026/07/03 20:05,05F0309S,05F0439S,32,497,22
2026/07/03 20:05,05F0309S,05F0439S,41,547,3
2026/07/03 20:05,05F0309S,05F0439S,42,0,0
2026/07/03 20:05,05F0309S,05F0439S,5,508,4
2026/07/03 20:05,05F0439S,05F0494S,31,203,26
2026/07/03 20:05,05F0439S,05F0494S,32,220,6
2026/07/03 20:05,05F0439S,05F0494S,41,0,0
2026/07/03 20:05,05F0439S,05F0494S,42,220,1
2026/07/03 20:05,05F0439S,05F0494S,5,0,0
2026/07/03 20:10,05F0000S,05F0055S,31,272,164
2026/07/03 20:10,05F0000S,05F0055S,32,272,40
2026/07/03 20:10,05F0000S,05F0055S,41,283,6
2026/07/03 20:10,05F0000S,05F0055S,42,0,0
2026/07/03 20:10,05F0000S,05F0055S,5,0,0
2026/07/03 20:10,05F0055S,05F0287S,31,1085,150
2026/07/03 20:10,05F0055S,05F0287S,32,1089,30
2026/07/03 20:10,05F0055S,05F0287S,41,1167,11
2026/07/03 20:10,05F0055S,05F0287S,42,0,0
2026/07/03 20:10,05F0055S,05F0287S,5,0,0
2026/07/03 20:10,05F0287S,05F0309S,31,89,130
2026/07/03 20:10,05F0287S,05F0309S,32,92,24
2026/07/03 20:10,05F0287S,05F0309S,41,97,7
2026/07/03 20:10,05F0287S,05F0309S,42,0,0
2026/07/03 20:10,05F0287S,05F0309S,5,0,0
2026/07/03 20:10,05F0309S,05F0439S,31,487,81
2026/07/03 20:10,05F0309S,05F0439S,32,496,23
2026/07/03 20:10,05F0309S,05F0439S,41,514,7
2026/07/03 20:10,05F0309S,05F0439S,42,0,0
2026/07/03 20:10,05F0309S,05F0439S,5,519,2
2026/07/03 20:10,05F0439S,05F0494S,31,214,31
2026/07/03 20:10,05F0439S,05F0494S,32,226,5
2026/07/03 20:10,05F0439S,05F0494S,41,0,0
2026/07/03 20:10,05F0439S,05F0494S,42,0,0
2026/07/03 20:10,05F0439S,05F0494S,5,210,3
2026/07/03 20:15,05F0000S,05F0055S,31,297,150
2026/07/03 20:15,05F0000S,05F0055S,32,299,36
2026/07/03 20:15,05F0000S,05F0055S,41,301,9
2026/07/03 20:15,05F0000S,05F0055S,42,0,0
2026/07/03 20:15,05F0000S,05F0055S,5,0,0
2026/07/03 20:15,05F0055S,05F0287S,31,1057,185
2026/07/03 20:15,05F0055S,05F0287S,32,1060,37
2026/07/03 20:15,05F0055S,05F0287S,41,1106,6
2026/07/03 20:15,05F0055S,05F0287S,42,0,0
2026/07/03 20:15,05F0055S,05F0287S,5,0,0
2026/07/03 20:15,05F0287S,05F0309S,31,89,117
2026/07/03 20:15,05F0287S,05F0309S,32,87,27
2026/07/03 20:15,05F0287S,05F0309S,41,94,9
2026/07/03 20:15,05F0287S,05F0309S,42,0,0
2026/07/03 20:15,05F0287S,05F0309S,5,0,0
2026/07/03 20:15,05F0309S,05F0439S,31,495,85
2026/07/03 20:15,05F0309S,05F0439S,32,483,19
2026/07/03 20:15,05F0309S,05F0439S,41,526,4
2026/07/03 20:15,05F0309S,05F0439S,42,592,2
2026/07/03 20:15,05F0309S,05F0439S,5,0,0
2026/07/03 20:15,05F0439S,05F0494S,31,201,25
2026/07/03 20:15,05F0439S,05F0494S,32,208,9
2026/07/03 20:15,05F0439S,05F0494S,41,0,0
2026/07/03 20:15,05F0439S,05F0494S,42,0,0
2026/07/03 20:15,05F0439S,05F0494S,5,201,1
2026/07/03 20:20,05F0000S,05F0055S,31,281,158
2026/07/03 20:20,05F0000S,05F0055S,32,280,43
2026/07/03 20:20,05F0000S,05F0055S,41,262,9
2026/07/03 20:20,05F0000S,05F0055S,42,0,0
2026/07/03 20:20,05F0000S,05F0055S,5,0,0
2026/07/03 20:20,05F0055S,05F0287S,31,1023,153
2026/07/03 20:20,05F0055S,05F0287S,32,1021,35
2026/07/03 20:20,05F0055S,05F0287S,41,1047,8
2026/07/03 20:20,05F0055S,05F0287S,42,0,0
2026/07/03 20:20,05F0055S,05F0287S,5,0,0
2026/07/03 20:20,05F0287S,05F0309S,31,88,119
2026/07/03 20:20,05F0287S,05F0309S,32,91,25
2026/07/03 20:20,05F0287S,05F0309S,41,96,9
2026/07/03 20:20,05F0287S,05F0309S,42,0,0
2026/07/03 20:20,05F0287S,05F0309S,5,0,0
2026/07/03 20:20,05F0309S,05F0439S,31,487,78
2026/07/03 20:20,05F0309S,05F0439S,32,491,16
2026/07/03 20:20,05F0309S,05F0439S,41,534,6
2026/07/03 20:20,05F0309S,05F0439S,42,0,0
2026/07/03 20:20,05F0309S,05F0439S,5,518,1
2026/07/03 20:20,05F0439S,05F0494S,31,200,36
2026/07/03 20:20,05F0439S,05F0494S,32,203,9
2026/07/03 20:20,05F0439S,05F0494S,41,0,0
2026/07/03 20:20,05F0439S,05F0494S,42,247,2
2026/07/03 20:20,05F0439S,05F0494S,5,0,0
2026/07/03 20:25,05F0000S,05F0055S,31,274,152
2026/07/03 20:25,05F0000S,05F0055S,32,276,39
2026/07/03 20:25,05F0000S,05F0055S,41,271,7
2026/07/03 20:25,05F0000S,05F0055S,42,0,0
2026/07/03 20:25,05F0000S,05F0055S,5,0,0
2026/07/03 20:25,05F0055S,05F0287S,31,1046,140
2026/07/03 20:25,05F0055S,05F0287S,32,1048,41
2026/07/03 20:25,05F0055S,05F0287S,41,1085,7
2026/07/03 20:25,05F0055S,05F0287S,42,0,0
2026/07/03 20:25,05F0055S,05F0287S,5,0,0
2026/07/03 20:25,05F0287S,05F0309S,31,88,102
2026/07/03 20:25,05F0287S,05F0309S,32,89,29
2026/07/03 20:25,05F0287S,05F0309S,41,94,3
2026/07/03 20:25,05F0287S,05F0309S,42,0,0
2026/07/03 20:25,05F0287S,05F0309S,5,0,0
2026/07/03 20:25,05F0309S,05F0439S,31,485,86
2026/07/03 20:25,05F0309S,05F0439S,32,487,21
2026/07/03 20:25,05F0309S,05F0439S,41,521,4
2026/07/03 20:25,05F0309S,05F0439S,42,538,1
2026/07/03 20:25,05F0309S,05F0439S,5,0,0
2026/07/03 20:25,05F0439S,05F0494S,31,200,28
2026/07/03 20:25,05F0439S,05F0494S,32,202,7
2026/07/03 20:25,05F0439S,05F0494S,41,206,1
2026/07/03 20:25,05F0439S,05F0494S,42,0,0
2026/07/03 20:25,05F0439S,05F0494S,5,0,0
2026/07/03 20:30,05F0000S,05F0055S,31,261,150
2026/07/03 20:30,05F0000S,05F0055S,32,264,30
2026/07/03 20:30,05F0000S,05F0055S,41,265,8
2026/07/03 20:30,05F0000S,05F0055S,42,0,0
2026/07/03 20:30,05F0000S,05F0055S,5,0,0
2026/07/03 20:30,05F0055S,05F0287S,31,1079,149
2026/07/03 20:30,05F0055S,05F0287S,32,1084,35
2026/07/03 20:30,05F0055S,05F0287S,41,1053,7
2026/07/03 20:30,05F0055S,05F0287S,42,0,0
2026/07/03 20:30,05F0055S,05F0287S,5,0,0
2026/07/03 20:30,05F0287S,05F0309S,31,89,118
2026/07/03 20:30,05F0287S,05F0309S,32,90,26
2026/07/03 20:30,05F0287S,05F0309S,41,91,6
2026/07/03 20:30,05F0287S,05F0309S,42,0,0
2026/07/03 20:30,05F0287S,05F0309S,5,0,0
2026/07/03 20:30,05F0309S,05F0439S,31,487,74
2026/07/03 20:30,05F0309S,05F0439S,32,484,21
2026/07/03 20:30,05F0309S,05F0439S,41,537,3
2026/07/03 20:30,05F0309S,05F0439S,42,521,2
2026/07/03 20:30,05F0309S,05F0439S,5,0,0
2026/07/03 20:30,05F0439S,05F0494S,31,202,26
2026/07/03 20:30,05F0439S,05F0494S,32,202,8
2026/07/03 20:30,05F0439S,05F0494S,41,0,0
2026/07/03 20:30,05F0439S,05F0494S,42,216,1
2026/07/03 20:30,05F0439S,05F0494S,5,0,0
2026/07/03 20:35,05F0000S,05F0055S,31,261,150
2026/07/03 20:35,05F0000S,05F0055S,32,265,33
2026/07/03 20:35,05F0000S,05F0055S,41,267,5
2026/07/03 20:35,05F0000S,05F0055S,42,0,0
2026/07/03 20:35,05F0000S,05F0055S,5,0,0
2026/07/03 20:35,05F0055S,05F0287S,31,1084,145
2026/07/03 20:35,05F0055S,05F0287S,32,1086,38
2026/07/03 20:35,05F0055S,05F0287S,41,1098,8
2026/07/03 20:35,05F0055S,05F0287S,42,0,0
2026/07/03 20:35,05F0055S,05F0287S,5,0,0
2026/07/03 20:35,05F0287S,05F0309S,31,88,106
2026/07/03 20:35,05F0287S,05F0309S,32,90,32
2026/07/03 20:35,05F0287S,05F0309S,41,95,7
2026/07/03 20:35,05F0287S,05F0309S,42,0,0
2026/07/03 20:35,05F0287S,05F0309S,5,0,0
2026/07/03 20:35,05F0309S,05F0439S,31,477,65
2026/07/03 20:35,05F0309S,05F0439S,32,463,13
2026/07/03 20:35,05F0309S,05F0439S,41,528,3
2026/07/03 20:35,05F0309S,05F0439S,42,0,0
2026/07/03 20:35,05F0309S,05F0439S,5,554,1
2026/07/03 20:35,05F0439S,05F0494S,31,195,25
2026/07/03 20:35,05F0439S,05F0494S,32,211,8
2026/07/03 20:35,05F0439S,05F0494S,41,0,0
2026/07/03 20:35,05F0439S,05F0494S,42,0,0
2026/07/03 20:35,05F0439S,05F0494S,5,0,0
2026/07/03 20:40,05F0000S,05F0055S,31,270,171
2026/07/03 20:40,05F0000S,05F0055S,32,273,38
2026/07/03 20:40,05F0000S,05F0055S,41,264,4
2026/07/03 20:40,05F0000S,05F0055S,42,0,0
2026/07/03 20:40,05F0000S,05F0055S,5,0,0
2026/07/03 20:40,05F0055S,05F0287S,31,1114,175
2026/07/03 20:40,05F0055S,05F0287S,32,1112,41
2026/07/03 20:40,05F0055S,05F0287S,41,1125,6
2026/07/03 20:40,05F0055S,05F0287S,42,0,0
2026/07/03 20:40,05F0055S,05F0287S,5,0,0
2026/07/03 20:40,05F0287S,05F0309S,31,90,113
2026/07/03 20:40,05F0287S,05F0309S,32,90,32
2026/07/03 20:40,05F0287S,05F0309S,41,93,8
2026/07/03 20:40,05F0287S,05F0309S,42,0,0
2026/07/03 20:40,05F0287S,05F0309S,5,0,0
2026/07/03 20:40,05F0309S,05F0439S,31,493,75
2026/07/03 20:40,05F0309S,05F0439S,32,501,18
2026/07/03 20:40,05F0309S,05F0439S,41,527,5
2026/07/03 20:40,05F0309S,05F0439S,42,513,1
2026/07/03 20:40,05F0309S,05F0439S,5,499,1
2026/07/03 20:40,05F0439S,05F0494S,31,207,33
2026/07/03 20:40,05F0439S,05F0494S,32,211,8
2026/07/03 20:40,05F0439S,05F0494S,41,0,0
2026/07/03 20:40,05F0439S,05F0494S,42,0,0
2026/07/03 20:40,05F0439S,05F0494S,5,234,1
2026/07/03 20:45,05F0000S,05F0055S,31,250,134
2026/07/03 20:45,05F0000S,05F0055S,32,254,33
2026/07/03 20:45,05F0000S,05F0055S,41,254,6
2026/07/03 20:45,05F0000S,05F0055S,42,0,0
2026/07/03 20:45,05F0000S,05F0055S,5,0,0
2026/07/03 20:45,05F0055S,05F0287S,31,1102,177
2026/07/03 20:45,05F0055S,05F0287S,32,1107,43
2026/07/03 20:45,05F0055S,05F0287S,41,1094,9
2026/07/03 20:45,05F0055S,05F0287S,42,0,0
2026/07/03 20:45,05F0055S,05F0287S,5,0,0
2026/07/03 20:45,05F0287S,05F0309S,31,89,134
2026/07/03 20:45,05F0287S,05F0309S,32,89,36
2026/07/03 20:45,05F0287S,05F0309S,41,93,7
2026/07/03 20:45,05F0287S,05F0309S,42,0,0
2026/07/03 20:45,05F0287S,05F0309S,5,0,0
2026/07/03 20:45,05F0309S,05F0439S,31,486,71
2026/07/03 20:45,05F0309S,05F0439S,32,475,23
2026/07/03 20:45,05F0309S,05F0439S,41,518,3
2026/07/03 20:45,05F0309S,05F0439S,42,589,1
2026/07/03 20:45,05F0309S,05F0439S,5,503,1
2026/07/03 20:45,05F0439S,05F0494S,31,205,31
2026/07/03 20:45,05F0439S,05F0494S,32,200,10
2026/07/03 20:45,05F0439S,05F0494S,41,0,0
2026/07/03 20:45,05F0439S,05F0494S,42,215,1
2026/07/03 20:45,05F0439S,05F0494S,5,211,1
2026/07/03 20:50,05F0000S,05F0055S,31,264,164
2026/07/03 20:50,05F0000S,05F0055S,32,269,30
2026/07/03 20:50,05F0000S,05F0055S,41,267,5
2026/07/03 20:50,05F0000S,05F0055S,42,0,0
2026/07/03 20:50,05F0000S,05F0055S,5,0,0
2026/07/03 20:50,05F0055S,05F0287S,31,1070,177
2026/07/03 20:50,05F0055S,05F0287S,32,1073,35
2026/07/03 20:50,05F0055S,05F0287S,41,1070,7
2026/07/03 20:50,05F0055S,05F0287S,42,0,0
2026/07/03 20:50,05F0055S,05F0287S,5,0,0
2026/07/03 20:50,05F0287S,05F0309S,31,87,130
2026/07/03 20:50,05F0287S,05F0309S,32,88,26
2026/07/03 20:50,05F0287S,05F0309S,41,91,7
2026/07/03 20:50,05F0287S,05F0309S,42,0,0
2026/07/03 20:50,05F0287S,05F0309S,5,0,0
2026/07/03 20:50,05F0309S,05F0439S,31,494,89
2026/07/03 20:50,05F0309S,05F0439S,32,481,17
2026/07/03 20:50,05F0309S,05F0439S,41,528,4
2026/07/03 20:50,05F0309S,05F0439S,42,0,0
2026/07/03 20:50,05F0309S,05F0439S,5,566,1
2026/07/03 20:50,05F0439S,05F0494S,31,192,26
2026/07/03 20:50,05F0439S,05F0494S,32,199,10
2026/07/03 20:50,05F0439S,05F0494S,41,220,1
2026/07/03 20:50,05F0439S,05F0494S,42,0,0
2026/07/03 20:50,05F0439S,05F0494S,5,0,0
2026/07/03 20:55,05F0000S,05F0055S,31,260,151
2026/07/03 20:55,05F0000S,05F0055S,32,258,44
2026/07/03 20:55,05F0000S,05F0055S,41,262,5
2026/07/03 20:55,05F0000S,05F0055S,42,0,0
2026/07/03 20:55,05F0000S,05F0055S,5,0,0
2026/07/03 20:55,05F0055S,05F0287S,31,1046,172
2026/07/03 20:55,05F0055S,05F0287S,32,1045,34
2026/07/03 20:55,05F0055S,05F0287S,41,1063,5
2026/07/03 20:55,05F0055S,05F0287S,42,0,0
2026/07/03 20:55,05F0055S,05F0287S,5,0,0
2026/07/03 20:55,05F0287S,05F0309S,31,90,129
2026/07/03 20:55,05F0287S,05F0309S,32,89,28
2026/07/03 20:55,05F0287S,05F0309S,41,92,5
2026/07/03 20:55,05F0287S,05F0309S,42,0,0
2026/07/03 20:55,05F0287S,05F0309S,5,0,0
2026/07/03 20:55,05F0309S,05F0439S,31,498,93
2026/07/03 20:55,05F0309S,05F0439S,32,502,24
2026/07/03 20:55,05F0309S,05F0439S,41,533,4
2026/07/03 20:55,05F0309S,05F0439S,42,519,1
2026/07/03 20:55,05F0309S,05F0439S,5,522,3
2026/07/03 20:55,05F0439S,05F0494S,31,203,28
2026/07/03 20:55,05F0439S,05F0494S,32,201,8
2026/07/03 20:55,05F0439S,05F0494S,41,226,1
2026/07/03 20:55,05F0439S,05F0494S,42,249,1
2026/07/03 20:55,05F0439S,05F0494S,5,236,1
2026/07/03 21:00,05F0000S,05F0055S,31,264,147
2026/07/03 21:00,05F0000S,05F0055S,32,262,41
2026/07/03 21:00,05F0000S,05F0055S,41,258,5
2026/07/03 21:00,05F0000S,05F0055S,42,0,0
2026/07/03 21:00,05F0000S,05F0055S,5,0,0
2026/07/03 21:00,05F0055S,05F0287S,31,1033,176
2026/07/03 21:00,05F0055S,05F0287S,32,1043,42
2026/07/03 21:00,05F0055S,05F0287S,41,1043,6
2026/07/03 21:00,05F0055S,05F0287S,42,0,0
2026/07/03 21:00,05F0055S,05F0287S,5,0,0
2026/07/03 21:00,05F0287S,05F0309S,31,89,114
2026/07/03 21:00,05F0287S,05F0309S,32,88,29
2026/07/03 21:00,05F0287S,05F0309S,41,93,5
2026/07/03 21:00,05F0287S,05F0309S,42,0,0
2026/07/03 21:00,05F0287S,05F0309S,5,0,0
2026/07/03 21:00,05F0309S,05F0439S,31,480,79
2026/07/03 21:00,05F0309S,05F0439S,32,474,20
2026/07/03 21:00,05F0309S,05F0439S,41,520,3
2026/07/03 21:00,05F0309S,05F0439S,42,0,0
2026/07/03 21:00,05F0309S,05F0439S,5,508,1
2026/07/03 21:00,05F0439S,05F0494S,31,202,21
2026/07/03 21:00,05F0439S,05F0494S,32,217,8
2026/07/03 21:00,05F0439S,05F0494S,41,0,0
2026/07/03 21:00,05F0439S,05F0494S,42,216,1
2026/07/03 21:00,05F0439S,05F0494S,5,224,2
2026/07/03 21:05,05F0000S,05F0055S,31,259,145
2026/07/03 21:05,05F0000S,05F0055S,32,260,26
2026/07/03 21:05,05F0000S,05F0055S,41,256,6
2026/07/03 21:05,05F0000S,05F0055S,42,0,0
2026/07/03 21:05,05F0000S,05F0055S,5,0,0
2026/07/03 21:05,05F0055S,05F0287S,31,1024,151
2026/07/03 21:05,05F0055S,05F0287S,32,1023,32
2026/07/03 21:05,05F0055S,05F0287S,41,1034,5
2026/07/03 21:05,05F0055S,05F0287S,42,0,0
2026/07/03 21:05,05F0055S,05F0287S,5,0,0
2026/07/03 21:05,05F0287S,05F0309S,31,87,123
2026/07/03 21:05,05F0287S,05F0309S,32,88,25
2026/07/03 21:05,05F0287S,05F0309S,41,94,8
2026/07/03 21:05,05F0287S,05F0309S,42,0,0
2026/07/03 21:05,05F0287S,05F0309S,5,0,0
2026/07/03 21:05,05F0309S,05F0439S,31,487,82
2026/07/03 21:05,05F0309S,05F0439S,32,503,12
2026/07/03 21:05,05F0309S,05F0439S,41,523,4
2026/07/03 21:05,05F0309S,05F0439S,42,0,0
2026/07/03 21:05,05F0309S,05F0439S,5,0,0
2026/07/03 21:05,05F0439S,05F0494S,31,200,22
2026/07/03 21:05,05F0439S,05F0494S,32,201,12
2026/07/03 21:05,05F0439S,05F0494S,41,0,0
2026/07/03 21:05,05F0439S,05F0494S,42,0,0
2026/07/03 21:05,05F0439S,05F0494S,5,208,1
2026/07/03 21:10,05F0000S,05F0055S,31,255,159
2026/07/03 21:10,05F0000S,05F0055S,32,256,25
2026/07/03 21:10,05F0000S,05F0055S,41,266,5
2026/07/03 21:10,05F0000S,05F0055S,42,0,0
2026/07/03 21:10,05F0000S,05F0055S,5,0,0
2026/07/03 21:10,05F0055S,05F0287S,31,1043,169
2026/07/03 21:10,05F0055S,05F0287S,32,1047,41
2026/07/03 21:10,05F0055S,05F0287S,41,1075,5
2026/07/03 21:10,05F0055S,05F0287S,42,0,0
2026/07/03 21:10,05F0055S,05F0287S,5,0,0
2026/07/03 21:10,05F0287S,05F0309S,31,89,115
2026/07/03 21:10,05F0287S,05F0309S,32,91,25
2026/07/03 21:10,05F0287S,05F0309S,41,93,3
2026/07/03 21:10,05F0287S,05F0309S,42,0,0
2026/07/03 21:10,05F0287S,05F0309S,5,0,0
2026/07/03 21:10,05F0309S,05F0439S,31,485,76
2026/07/03 21:10,05F0309S,05F0439S,32,502,19
2026/07/03 21:10,05F0309S,05F0439S,41,535,5
2026/07/03 21:10,05F0309S,05F0439S,42,494,1
2026/07/03 21:10,05F0309S,05F0439S,5,0,0
2026/07/03 21:10,05F0439S,05F0494S,31,201,41
2026/07/03 21:10,05F0439S,05F0494S,32,196,7
2026/07/03 21:10,05F0439S,05F0494S,41,0,0
2026/07/03 21:10,05F0439S,05F0494S,42,0,0
2026/07/03 21:10,05F0439S,05F0494S,5,0,0
2026/07/03 21:15,05F0000S,05F0055S,31,254,138
2026/07/03 21:15,05F0000S,05F0055S,32,256,27
2026/07/03 21:15,05F0000S,05F0055S,41,252,2
2026/07/03 21:15,05F0000S,05F0055S,42,0,0
2026/07/03 21:15,05F0000S,05F0055S,5,0,0
2026/07/03 21:15,05F0055S,05F0287S,31,1044,143
2026/07/03 21:15,05F0055S,05F0287S,32,1048,33
2026/07/03 21:15,05F0055S,05F0287S,41,1033,5
2026/07/03 21:15,05F0055S,05F0287S,42,0,0
2026/07/03 21:15,05F0055S,05F0287S,5,0,0
2026/07/03 21:15,05F0287S,05F0309S,31,89,120
2026/07/03 21:15,05F0287S,05F0309S,32,89,26
2026/07/03 21:15,05F0287S,05F0309S,41,94,6
2026/07/03 21:15,05F0287S,05F0309S,42,0,0
2026/07/03 21:15,05F0287S,05F0309S,5,0,0
2026/07/03 21:15,05F0309S,05F0439S,31,495,70
2026/07/03 21:15,05F0309S,05F0439S,32,500,20
2026/07/03 21:15,05F0309S,05F0439S,41,527,3
2026/07/03 21:15,05F0309S,05F0439S,42,575,1
2026/07/03 21:15,05F0309S,05F0439S,5,531,1
2026/07/03 21:15,05F0439S,05F0494S,31,201,21
2026/07/03 21:15,05F0439S,05F0494S,32,211,9
2026/07/03 21:15,05F0439S,05F0494S,41,0,0
2026/07/03 21:15,05F0439S,05F0494S,42,0,0
2026/07/03 21:15,05F0439S,05F0494S,5,0,0
2026/07/03 21:20,05F0000S,05F0055S,31,260,155
2026/07/03 21:20,05F0000S,05F0055S,32,261,30
2026/07/03 21:20,05F0000S,05F0055S,41,261,6
2026/07/03 21:20,05F0000S,05F0055S,42,0,0
2026/07/03 21:20,05F0000S,05F0055S,5,0,0
2026/07/03 21:20,05F0055S,05F0287S,31,1058,147
2026/07/03 21:20,05F0055S,05F0287S,32,1067,35
2026/07/03 21:20,05F0055S,05F0287S,41,1073,5
2026/07/03 21:20,05F0055S,05F0287S,42,0,0
2026/07/03 21:20,05F0055S,05F0287S,5,0,0
2026/07/03 21:20,05F0287S,05F0309S,31,88,102
2026/07/03 21:20,05F0287S,05F0309S,32,91,31
2026/07/03 21:20,05F0287S,05F0309S,41,91,3
2026/07/03 21:20,05F0287S,05F0309S,42,0,0
2026/07/03 21:20,05F0287S,05F0309S,5,0,0
2026/07/03 21:20,05F0309S,05F0439S,31,481,70
2026/07/03 21:20,05F0309S,05F0439S,32,494,18
2026/07/03 21:20,05F0309S,05F0439S,41,540,3
2026/07/03 21:20,05F0309S,05F0439S,42,607,1
2026/07/03 21:20,05F0309S,05F0439S,5,492,1
2026/07/03 21:20,05F0439S,05F0494S,31,205,22
2026/07/03 21:20,05F0439S,05F0494S,32,210,8
2026/07/03 21:20,05F0439S,05F0494S,41,0,0
2026/07/03 21:20,05F0439S,05F0494S,42,250,1
2026/07/03 21:20,05F0439S,05F0494S,5,0,0
2026/07/03 21:25,05F0000S,05F0055S,31,268,151
2026/07/03 21:25,05F0000S,05F0055S,32,269,34
2026/07/03 21:25,05F0000S,05F0055S,41,258,5
2026/07/03 21:25,05F0000S,05F0055S,42,0,0
2026/07/03 21:25,05F0000S,05F0055S,5,0,0
2026/07/03 21:25,05F0055S,05F0287S,31,1039,171
2026/07/03 21:25,05F0055S,05F0287S,32,1042,35
2026/07/03 21:25,05F0055S,05F0287S,41,1053,8
2026/07/03 21:25,05F0055S,05F0287S,42,0,0
2026/07/03 21:25,05F0055S,05F0287S,5,0,0
2026/07/03 21:25,05F0287S,05F0309S,31,88,121
2026/07/03 21:25,05F0287S,05F0309S,32,89,29
2026/07/03 21:25,05F0287S,05F0309S,41,94,7
2026/07/03 21:25,05F0287S,05F0309S,42,0,0
2026/07/03 21:25,05F0287S,05F0309S,5,0,0
2026/07/03 21:25,05F0309S,05F0439S,31,495,70
2026/07/03 21:25,05F0309S,05F0439S,32,471,18
2026/07/03 21:25,05F0309S,05F0439S,41,530,2
2026/07/03 21:25,05F0309S,05F0439S,42,0,0
2026/07/03 21:25,05F0309S,05F0439S,5,0,0
2026/07/03 21:25,05F0439S,05F0494S,31,210,23
2026/07/03 21:25,05F0439S,05F0494S,32,230,10
2026/07/03 21:25,05F0439S,05F0494S,41,0,0
2026/07/03 21:25,05F0439S,05F0494S,42,264,1
2026/07/03 21:25,05F0439S,05F0494S,5,205,1
2026/07/03 21:30,05F0000S,05F0055S,31,262,140
2026/07/03 21:30,05F0000S,05F0055S,32,262,25
2026/07/03 21:30,05F0000S,05F0055S,41,276,2
2026/07/03 21:30,05F0000S,05F0055S,42,0,0
2026/07/03 21:30,05F0000S,05F0055S,5,0,0
2026/07/03 21:30,05F0055S,05F0287S,31,1006,158
2026/07/03 21:30,05F0055S,05F0287S,32,1010,24
2026/07/03 21:30,05F0055S,05F0287S,41,1009,3
2026/07/03 21:30,05F0055S,05F0287S,42,0,0
2026/07/03 21:30,05F0055S,05F0287S,5,0,0
2026/07/03 21:30,05F0287S,05F0309S,31,85,123
2026/07/03 21:30,05F0287S,05F0309S,32,87,24
2026/07/03 21:30,05F0287S,05F0309S,41,94,4
2026/07/03 21:30,05F0287S,05F0309S,42,0,0
2026/07/03 21:30,05F0287S,05F0309S,5,0,0
2026/07/03 21:30,05F0309S,05F0439S,31,488,73
2026/07/03 21:30,05F0309S,05F0439S,32,495,18
2026/07/03 21:30,05F0309S,05F0439S,41,500,1
2026/07/03 21:30,05F0309S,05F0439S,42,0,0
2026/07/03 21:30,05F0309S,05F0439S,5,0,0
2026/07/03 21:30,05F0439S,05F0494S,31,216,20
2026/07/03 21:30,05F0439S,05F0494S,32,206,10
2026/07/03 21:30,05F0439S,05F0494S,41,0,0
2026/07/03 21:30,05F0439S,05F0494S,42,0,0
2026/07/03 21:30,05F0439S,05F0494S,5,0,0
2026/07/03 21:35,05F0000S,05F0055S,31,276,149
2026/07/03 21:35,05F0000S,05F0055S,32,269,32
2026/07/03 21:35,05F0000S,05F0055S,41,265,6
2026/07/03 21:35,05F0000S,05F0055S,42,0,0
2026/07/03 21:35,05F0000S,05F0055S,5,0,0
2026/07/03 21:35,05F0055S,05F0287S,31,1063,128
2026/07/03 21:35,05F0055S,05F0287S,32,1060,29
2026/07/03 21:35,05F0055S,05F0287S,41,1086,4
2026/07/03 21:35,05F0055S,05F0287S,42,0,0
2026/07/03 21:35,05F0055S,05F0287S,5,0,0
2026/07/03 21:35,05F0287S,05F0309S,31,87,74
2026/07/03 21:35,05F0287S,05F0309S,32,86,18
2026/07/03 21:35,05F0287S,05F0309S,41,536,4
2026/07/03 21:35,05F0287S,05F0309S,42,0,0
2026/07/03 21:35,05F0287S,05F0309S,5,0,0
2026/07/03 21:35,05F0309S,05F0439S,31,486,77
2026/07/03 21:35,05F0309S,05F0439S,32,490,13
2026/07/03 21:35,05F0309S,05F0439S,41,526,5
2026/07/03 21:35,05F0309S,05F0439S,42,519,2
2026/07/03 21:35,05F0309S,05F0439S,5,0,0
2026/07/03 21:35,05F0439S,05F0494S,31,206,31
2026/07/03 21:35,05F0439S,05F0494S,32,207,12
2026/07/03 21:35,05F0439S,05F0494S,41,212,1
2026/07/03 21:35,05F0439S,05F0494S,42,195,1
2026/07/03 21:35,05F0439S,05F0494S,5,0,0
2026/07/03 21:40,05F0000S,05F0055S,31,250,150
2026/07/03 21:40,05F0000S,05F0055S,32,253,36
2026/07/03 21:40,05F0000S,05F0055S,41,257,4
2026/07/03 21:40,05F0000S,05F0055S,42,0,0
2026/07/03 21:40,05F0000S,05F0055S,5,0,0
2026/07/03 21:40,05F0055S,05F0287S,31,1066,156
2026/07/03 21:40,05F0055S,05F0287S,32,1064,36
2026/07/03 21:40,05F0055S,05F0287S,41,1068,4
2026/07/03 21:40,05F0055S,05F0287S,42,0,0
2026/07/03 21:40,05F0055S,05F0287S,5,0,0
2026/07/03 21:40,05F0287S,05F0309S,31,87,132
2026/07/03 21:40,05F0287S,05F0309S,32,89,21
2026/07/03 21:40,05F0287S,05F0309S,41,92,4
2026/07/03 21:40,05F0287S,05F0309S,42,0,0
2026/07/03 21:40,05F0287S,05F0309S,5,0,0
2026/07/03 21:40,05F0309S,05F0439S,31,482,53
2026/07/03 21:40,05F0309S,05F0439S,32,485,11
2026/07/03 21:40,05F0309S,05F0439S,41,547,1
2026/07/03 21:40,05F0309S,05F0439S,42,556,1
2026/07/03 21:40,05F0309S,05F0439S,5,0,0
2026/07/03 21:40,05F0439S,05F0494S,31,206,29
2026/07/03 21:40,05F0439S,05F0494S,32,212,6
2026/07/03 21:40,05F0439S,05F0494S,41,0,0
2026/07/03 21:40,05F0439S,05F0494S,42,245,2
2026/07/03 21:40,05F0439S,05F0494S,5,0,0
2026/07/03 21:45,05F0000S,05F0055S,31,264,147
2026/07/03 21:45,05F0000S,05F0055S,32,262,31
2026/07/03 21:45,05F0000S,05F0055S,41,267,5
2026/07/03 21:45,05F0000S,05F0055S,42,292,1
2026/07/03 21:45,05F0000S,05F0055S,5,0,0
2026/07/03 21:45,05F0055S,05F0287S,31,1044,165
2026/07/03 21:45,05F0055S,05F0287S,32,1049,34
2026/07/03 21:45,05F0055S,05F0287S,41,1098,4
2026/07/03 21:45,05F0055S,05F0287S,42,0,0
2026/07/03 21:45,05F0055S,05F0287S,5,0,0
2026/07/03 21:45,05F0287S,05F0309S,31,88,124
2026/07/03 21:45,05F0287S,05F0309S,32,89,29
2026/07/03 21:45,05F0287S,05F0309S,41,96,4
2026/07/03 21:45,05F0287S,05F0309S,42,0,0
2026/07/03 21:45,05F0287S,05F0309S,5,0,0
2026/07/03 21:45,05F0309S,05F0439S,31,483,71
2026/07/03 21:45,05F0309S,05F0439S,32,495,14
2026/07/03 21:45,05F0309S,05F0439S,41,537,3
2026/07/03 21:45,05F0309S,05F0439S,42,548,2
2026/07/03 21:45,05F0309S,05F0439S,5,639,2
2026/07/03 21:45,05F0439S,05F0494S,31,209,16
2026/07/03 21:45,05F0439S,05F0494S,32,209,4
2026/07/03 21:45,05F0439S,05F0494S,41,0,0
2026/07/03 21:45,05F0439S,05F0494S,42,0,0
2026/07/03 21:45,05F0439S,05F0494S,5,0,0
2026/07/03 21:50,05F0000S,05F0055S,31,255,133
2026/07/03 21:50,05F0000S,05F0055S,32,252,37
2026/07/03 21:50,05F0000S,05F0055S,41,262,6
2026/07/03 21:50,05F0000S,05F0055S,42,0,0
2026/07/03 21:50,05F0000S,05F0055S,5,0,0
2026/07/03 21:50,05F0055S,05F0287S,31,1035,157
2026/07/03 21:50,05F0055S,05F0287S,32,1034,25
2026/07/03 21:50,05F0055S,05F0287S,41,1077,2
2026/07/03 21:50,05F0055S,05F0287S,42,0,0
2026/07/03 21:50,05F0055S,05F0287S,5,0,0
2026/07/03 21:50,05F0287S,05F0309S,31,89,111
2026/07/03 21:50,05F0287S,05F0309S,32,92,22
2026/07/03 21:50,05F0287S,05F0309S,41,96,3
2026/07/03 21:50,05F0287S,05F0309S,42,0,0
2026/07/03 21:50,05F0287S,05F0309S,5,0,0
2026/07/03 21:50,05F0309S,05F0439S,31,482,79
2026/07/03 21:50,05F0309S,05F0439S,32,479,20
2026/07/03 21:50,05F0309S,05F0439S,41,510,2
2026/07/03 21:50,05F0309S,05F0439S,42,501,2
2026/07/03 21:50,05F0309S,05F0439S,5,0,0
2026/07/03 21:50,05F0439S,05F0494S,31,201,33
2026/07/03 21:50,05F0439S,05F0494S,32,216,4
2026/07/03 21:50,05F0439S,05F0494S,41,0,0
2026/07/03 21:50,05F0439S,05F0494S,42,0,0
2026/07/03 21:50,05F0439S,05F0494S,5,259,2
2026/07/03 21:55,05F0000S,05F0055S,31,256,130
2026/07/03 21:55,05F0000S,05F0055S,32,261,29
2026/07/03 21:55,05F0000S,05F0055S,41,260,1
2026/07/03 21:55,05F0000S,05F0055S,42,0,0
2026/07/03 21:55,05F0000S,05F0055S,5,0,0
2026/07/03 21:55,05F0055S,05F0287S,31,1050,156
2026/07/03 21:55,05F0055S,05F0287S,32,1052,47
2026/07/03 21:55,05F0055S,05F0287S,41,1084,8
2026/07/03 21:55,05F0055S,05F0287S,42,0,0
2026/07/03 21:55,05F0055S,05F0287S,5,0,0
2026/07/03 21:55,05F0287S,05F0309S,31,88,113
2026/07/03 21:55,05F0287S,05F0309S,32,88,30
2026/07/03 21:55,05F0287S,05F0309S,41,93,6
2026/07/03 21:55,05F0287S,05F0309S,42,0,0
2026/07/03 21:55,05F0287S,05F0309S,5,0,0
2026/07/03 21:55,05F0309S,05F0439S,31,488,76
2026/07/03 21:55,05F0309S,05F0439S,32,528,14
2026/07/03 21:55,05F0309S,05F0439S,41,548,3
2026/07/03 21:55,05F0309S,05F0439S,42,583,3
2026/07/03 21:55,05F0309S,05F0439S,5,607,1
2026/07/03 21:55,05F0439S,05F0494S,31,200,33
2026/07/03 21:55,05F0439S,05F0494S,32,187,5
2026/07/03 21:55,05F0439S,05F0494S,41,0,0
2026/07/03 21:55,05F0439S,05F0494S,42,220,1
2026/07/03 21:55,05F0439S,05F0494S,5,0,0
2026/07/03 22:00,05F0000S,05F0055S,31,253,134
2026/07/03 22:00,05F0000S,05F0055S,32,251,26
2026/07/03 22:00,05F0000S,05F0055S,41,261,3
2026/07/03 22:00,05F0000S,05F0055S,42,0,0
2026/07/03 22:00,05F0000S,05F0055S,5,0,0
2026/07/03 22:00,05F0055S,05F0287S,31,1035,144
2026/07/03 22:00,05F0055S,05F0287S,32,1030,27
2026/07/03 22:00,05F0055S,05F0287S,41,1057,3
2026/07/03 22:00,05F0055S,05F0287S,42,0,0
2026/07/03 22:00,05F0055S,05F0287S,5,0,0
2026/07/03 22:00,05F0287S,05F0309S,31,87,127
2026/07/03 22:00,05F0287S,05F0309S,32,87,28
2026/07/03 22:00,05F0287S,05F0309S,41,92,3
2026/07/03 22:00,05F0287S,05F0309S,42,0,0
2026/07/03 22:00,05F0287S,05F0309S,5,0,0
2026/07/03 22:00,05F0309S,05F0439S,31,483,76
2026/07/03 22:00,05F0309S,05F0439S,32,498,15
2026/07/03 22:00,05F0309S,05F0439S,41,553,3
2026/07/03 22:00,05F0309S,05F0439S,42,516,1
2026/07/03 22:00,05F0309S,05F0439S,5,0,0
2026/07/03 22:00,05F0439S,05F0494S,31,206,21
2026/07/03 22:00,05F0439S,05F0494S,32,215,5
2026/07/03 22:00,05F0439S,05F0494S,41,0,0
2026/07/03 22:00,05F0439S,05F0494S,42,232,2
2026/07/03 22:00,05F0439S,05F0494S,5,246,1
2026/07/03 22:05,05F0000S,05F0055S,31,257,148
2026/07/03 22:05,05F0000S,05F0055S,32,256,34
2026/07/03 22:05,05F0000S,05F0055S,41,263,8
2026/07/03 22:05,05F0000S,05F0055S,42,0,0
2026/07/03 22:05,05F0000S,05F0055S,5,0,0
2026/07/03 22:05,05F0055S,05F0287S,31,1042,161
2026/07/03 22:05,05F0055S,05F0287S,32,1041,32
2026/07/03 22:05,05F0055S,05F0287S,41,1080,7
2026/07/03 22:05,05F0055S,05F0287S,42,1071,1
2026/07/03 22:05,05F0055S,05F0287S,5,0,0
2026/07/03 22:05,05F0287S,05F0309S,31,87,113
2026/07/03 22:05,05F0287S,05F0309S,32,88,23
2026/07/03 22:05,05F0287S,05F0309S,41,91,6
2026/07/03 22:05,05F0287S,05F0309S,42,97,1
2026/07/03 22:05,05F0287S,05F0309S,5,0,0
2026/07/03 22:05,05F0309S,05F0439S,31,484,67
2026/07/03 22:05,05F0309S,05F0439S,32,489,21
2026/07/03 22:05,05F0309S,05F0439S,41,545,3
2026/07/03 22:05,05F0309S,05F0439S,42,0,0
2026/07/03 22:05,05F0309S,05F0439S,5,0,0
2026/07/03 22:05,05F0439S,05F0494S,31,202,22
2026/07/03 22:05,05F0439S,05F0494S,32,205,3
2026/07/03 22:05,05F0439S,05F0494S,41,230,1
2026/07/03 22:05,05F0439S,05F0494S,42,0,0
2026/07/03 22:05,05F0439S,05F0494S,5,0,0
2026/07/03 22:10,05F0000S,05F0055S,31,258,151
2026/07/03 22:10,05F0000S,05F0055S,32,259,29
2026/07/03 22:10,05F0000S,05F0055S,41,247,4
2026/07/03 22:10,05F0000S,05F0055S,42,0,0
2026/07/03 22:10,05F0000S,05F0055S,5,0,0
2026/07/03 22:10,05F0055S,05F0287S,31,1015,141
2026/07/03 22:10,05F0055S,05F0287S,32,1013,37
2026/07/03 22:10,05F0055S,05F0287S,41,1075,2
2026/07/03 22:10,05F0055S,05F0287S,42,0,0
2026/07/03 22:10,05F0055S,05F0287S,5,0,0
2026/07/03 22:10,05F0287S,05F0309S,31,89,112
2026/07/03 22:10,05F0287S,05F0309S,32,88,33
2026/07/03 22:10,05F0287S,05F0309S,41,95,3
2026/07/03 22:10,05F0287S,05F0309S,42,0,0
2026/07/03 22:10,05F0287S,05F0309S,5,0,0
2026/07/03 22:10,05F0309S,05F0439S,31,490,78
2026/07/03 22:10,05F0309S,05F0439S,32,491,13
2026/07/03 22:10,05F0309S,05F0439S,41,516,1
2026/07/03 22:10,05F0309S,05F0439S,42,578,3
2026/07/03 22:10,05F0309S,05F0439S,5,603,1
2026/07/03 22:10,05F0439S,05F0494S,31,195,27
2026/07/03 22:10,05F0439S,05F0494S,32,197,8
2026/07/03 22:10,05F0439S,05F0494S,41,0,0
2026/07/03 22:10,05F0439S,05F0494S,42,0,0
2026/07/03 22:10,05F0439S,05F0494S,5,0,0
2026/07/03 22:15,05F0000S,05F0055S,31,237,118
2026/07/03 22:15,05F0000S,05F0055S,32,241,15
2026/07/03 22:15,05F0000S,05F0055S,41,238,3
2026/07/03 22:15,05F0000S,05F0055S,42,0,0
2026/07/03 22:15,05F0000S,05F0055S,5,0,0
2026/07/03 22:15,05F0055S,05F0287S,31,1013,138
2026/07/03 22:15,05F0055S,05F0287S,32,1012,35
2026/07/03 22:15,05F0055S,05F0287S,41,1057,4
2026/07/03 22:15,05F0055S,05F0287S,42,0,0
2026/07/03 22:15,05F0055S,05F0287S,5,0,0
2026/07/03 22:15,05F0287S,05F0309S,31,87,101
2026/07/03 22:15,05F0287S,05F0309S,32,87,22
2026/07/03 22:15,05F0287S,05F0309S,41,93,3
2026/07/03 22:15,05F0287S,05F0309S,42,0,0
2026/07/03 22:15,05F0287S,05F0309S,5,0,0
2026/07/03 22:15,05F0309S,05F0439S,31,490,68
2026/07/03 22:15,05F0309S,05F0439S,32,483,22
2026/07/03 22:15,05F0309S,05F0439S,41,537,3
2026/07/03 22:15,05F0309S,05F0439S,42,534,2
2026/07/03 22:15,05F0309S,05F0439S,5,0,0
2026/07/03 22:15,05F0439S,05F0494S,31,205,25
2026/07/03 22:15,05F0439S,05F0494S,32,0,0
2026/07/03 22:15,05F0439S,05F0494S,41,0,0
2026/07/03 22:15,05F0439S,05F0494S,42,237,1
2026/07/03 22:15,05F0439S,05F0494S,5,0,0
2026/07/03 22:20,05F0000S,05F0055S,31,249,125
2026/07/03 22:20,05F0000S,05F0055S,32,243,26
2026/07/03 22:20,05F0000S,05F0055S,41,254,5
2026/07/03 22:20,05F0000S,05F0055S,42,0,0
2026/07/03 22:20,05F0000S,05F0055S,5,0,0
2026/07/03 22:20,05F0055S,05F0287S,31,1039,134
2026/07/03 22:20,05F0055S,05F0287S,32,1032,22
2026/07/03 22:20,05F0055S,05F0287S,41,1115,1
2026/07/03 22:20,05F0055S,05F0287S,42,0,0
2026/07/03 22:20,05F0055S,05F0287S,5,0,0
2026/07/03 22:20,05F0287S,05F0309S,31,88,93
2026/07/03 22:20,05F0287S,05F0309S,32,90,21
2026/07/03 22:20,05F0287S,05F0309S,41,94,2
2026/07/03 22:20,05F0287S,05F0309S,42,0,0
2026/07/03 22:20,05F0287S,05F0309S,5,0,0
2026/07/03 22:20,05F0309S,05F0439S,31,494,61
2026/07/03 22:20,05F0309S,05F0439S,32,487,22
2026/07/03 22:20,05F0309S,05F0439S,41,0,0
2026/07/03 22:20,05F0309S,05F0439S,42,0,0
2026/07/03 22:20,05F0309S,05F0439S,5,0,0
2026/07/03 22:20,05F0439S,05F0494S,31,201,28
2026/07/03 22:20,05F0439S,05F0494S,32,202,5
2026/07/03 22:20,05F0439S,05F0494S,41,0,0
2026/07/03 22:20,05F0439S,05F0494S,42,242,1
2026/07/03 22:20,05F0439S,05F0494S,5,0,0
2026/07/03 22:25,05F0000S,05F0055S,31,240,106
2026/07/03 22:25,05F0000S,05F0055S,32,242,30
2026/07/03 22:25,05F0000S,05F0055S,41,249,3
2026/07/03 22:25,05F0000S,05F0055S,42,0,0
2026/07/03 22:25,05F0000S,05F0055S,5,0,0
2026/07/03 22:25,05F0055S,05F0287S,31,1037,165
2026/07/03 22:25,05F0055S,05F0287S,32,1040,35
2026/07/03 22:25,05F0055S,05F0287S,41,1082,9
2026/07/03 22:25,05F0055S,05F0287S,42,0,0
2026/07/03 22:25,05F0055S,05F0287S,5,0,0
2026/07/03 22:25,05F0287S,05F0309S,31,87,123
2026/07/03 22:25,05F0287S,05F0309S,32,87,28
2026/07/03 22:25,05F0287S,05F0309S,41,102,7
2026/07/03 22:25,05F0287S,05F0309S,42,0,0
2026/07/03 22:25,05F0287S,05F0309S,5,0,0
2026/07/03 22:25,05F0309S,05F0439S,31,496,63
2026/07/03 22:25,05F0309S,05F0439S,32,512,16
2026/07/03 22:25,05F0309S,05F0439S,41,537,3
2026/07/03 22:25,05F0309S,05F0439S,42,0,0
2026/07/03 22:25,05F0309S,05F0439S,5,0,0
2026/07/03 22:25,05F0439S,05F0494S,31,207,19
2026/07/03 22:25,05F0439S,05F0494S,32,206,9
2026/07/03 22:25,05F0439S,05F0494S,41,0,0
2026/07/03 22:25,05F0439S,05F0494S,42,0,0
2026/07/03 22:25,05F0439S,05F0494S,5,0,0
2026/07/03 22:30,05F0000S,05F0055S,31,244,115
2026/07/03 22:30,05F0000S,05F0055S,32,244,23
2026/07/03 22:30,05F0000S,05F0055S,41,234,4
2026/07/03 22:30,05F0000S,05F0055S,42,0,0
2026/07/03 22:30,05F0000S,05F0055S,5,0,0
2026/07/03 22:30,05F0055S,05F0287S,31,1003,156
2026/07/03 22:30,05F0055S,05F0287S,32,1006,31
2026/07/03 22:30,05F0055S,05F0287S,41,1027,4
2026/07/03 22:30,05F0055S,05F0287S,42,0,0
2026/07/03 22:30,05F0055S,05F0287S,5,0,0
2026/07/03 22:30,05F0287S,05F0309S,31,87,136
2026/07/03 22:30,05F0287S,05F0309S,32,86,20
2026/07/03 22:30,05F0287S,05F0309S,41,91,3
2026/07/03 22:30,05F0287S,05F0309S,42,0,0
2026/07/03 22:30,05F0287S,05F0309S,5,0,0
2026/07/03 22:30,05F0309S,05F0439S,31,488,75
2026/07/03 22:30,05F0309S,05F0439S,32,509,18
2026/07/03 22:30,05F0309S,05F0439S,41,0,0
2026/07/03 22:30,05F0309S,05F0439S,42,0,0
2026/07/03 22:30,05F0309S,05F0439S,5,0,0
2026/07/03 22:30,05F0439S,05F0494S,31,207,23
2026/07/03 22:30,05F0439S,05F0494S,32,218,5
2026/07/03 22:30,05F0439S,05F0494S,41,0,0
2026/07/03 22:30,05F0439S,05F0494S,42,1212,1
2026/07/03 22:30,05F0439S,05F0494S,5,214,1
2026/07/03 22:35,05F0000S,05F0055S,31,253,126
2026/07/03 22:35,05F0000S,05F0055S,32,256,23
2026/07/03 22:35,05F0000S,05F0055S,41,256,4
2026/07/03 22:35,05F0000S,05F0055S,42,0,0
2026/07/03 22:35,05F0000S,05F0055S,5,0,0
2026/07/03 22:35,05F0055S,05F0287S,31,988,96
2026/07/03 22:35,05F0055S,05F0287S,32,982,10
2026/07/03 22:35,05F0055S,05F0287S,41,1012,2
2026/07/03 22:35,05F0055S,05F0287S,42,0,0
2026/07/03 22:35,05F0055S,05F0287S,5,0,0
2026/07/03 22:35,05F0287S,05F0309S,31,84,82
2026/07/03 22:35,05F0287S,05F0309S,32,83,6
2026/07/03 22:35,05F0287S,05F0309S,41,89,2
2026/07/03 22:35,05F0287S,05F0309S,42,0,0
2026/07/03 22:35,05F0287S,05F0309S,5,0,0
2026/07/03 22:35,05F0309S,05F0439S,31,494,81
2026/07/03 22:35,05F0309S,05F0439S,32,501,17
2026/07/03 22:35,05F0309S,05F0439S,41,540,4
2026/07/03 22:35,05F0309S,05F0439S,42,0,0
2026/07/03 22:35,05F0309S,05F0439S,5,0,0
2026/07/03 22:35,05F0439S,05F0494S,31,200,21
2026/07/03 22:35,05F0439S,05F0494S,32,205,8
2026/07/03 22:35,05F0439S,05F0494S,41,0,0
2026/07/03 22:35,05F0439S,05F0494S,42,0,0
2026/07/03 22:35,05F0439S,05F0494S,5,0,0
2026/07/03 22:40,05F0000S,05F0055S,31,247,112
2026/07/03 22:40,05F0000S,05F0055S,32,249,21
2026/07/03 22:40,05F0000S,05F0055S,41,251,4
2026/07/03 22:40,05F0000S,05F0055S,42,0,0
2026/07/03 22:40,05F0000S,05F0055S,5,0,0
2026/07/03 22:40,05F0055S,05F0287S,31,1025,157
2026/07/03 22:40,05F0055S,05F0287S,32,1023,46
2026/07/03 22:40,05F0055S,05F0287S,41,1030,6
2026/07/03 22:40,05F0055S,05F0287S,42,0,0
2026/07/03 22:40,05F0055S,05F0287S,5,0,0
2026/07/03 22:40,05F0287S,05F0309S,31,89,108
2026/07/03 22:40,05F0287S,05F0309S,32,88,32
2026/07/03 22:40,05F0287S,05F0309S,41,96,3
2026/07/03 22:40,05F0287S,05F0309S,42,0,0
2026/07/03 22:40,05F0287S,05F0309S,5,0,0
2026/07/03 22:40,05F0309S,05F0439S,31,487,77
2026/07/03 22:40,05F0309S,05F0439S,32,487,13
2026/07/03 22:40,05F0309S,05F0439S,41,516,2
2026/07/03 22:40,05F0309S,05F0439S,42,0,0
2026/07/03 22:40,05F0309S,05F0439S,5,0,0
2026/07/03 22:40,05F0439S,05F0494S,31,202,29
2026/07/03 22:40,05F0439S,05F0494S,32,201,7
2026/07/03 22:40,05F0439S,05F0494S,41,0,0
2026/07/03 22:40,05F0439S,05F0494S,42,0,0
2026/07/03 22:40,05F0439S,05F0494S,5,0,0
2026/07/03 22:45,05F0000S,05F0055S,31,251,111
2026/07/03 22:45,05F0000S,05F0055S,32,247,20
2026/07/03 22:45,05F0000S,05F0055S,41,261,4
2026/07/03 22:45,05F0000S,05F0055S,42,0,0
2026/07/03 22:45,05F0000S,05F0055S,5,0,0
2026/07/03 22:45,05F0055S,05F0287S,31,985,111
2026/07/03 22:45,05F0055S,05F0287S,32,992,27
2026/07/03 22:45,05F0055S,05F0287S,41,1012,4
2026/07/03 22:45,05F0055S,05F0287S,42,0,0
2026/07/03 22:45,05F0055S,05F0287S,5,0,0
2026/07/03 22:45,05F0287S,05F0309S,31,87,81
2026/07/03 22:45,05F0287S,05F0309S,32,88,22
2026/07/03 22:45,05F0287S,05F0309S,41,91,8
2026/07/03 22:45,05F0287S,05F0309S,42,0,0
2026/07/03 22:45,05F0287S,05F0309S,5,0,0
2026/07/03 22:45,05F0309S,05F0439S,31,483,49
2026/07/03 22:45,05F0309S,05F0439S,32,493,9
2026/07/03 22:45,05F0309S,05F0439S,41,515,1
2026/07/03 22:45,05F0309S,05F0439S,42,0,0
2026/07/03 22:45,05F0309S,05F0439S,5,0,0
2026/07/03 22:45,05F0439S,05F0494S,31,203,31
2026/07/03 22:45,05F0439S,05F0494S,32,203,4
2026/07/03 22:45,05F0439S,05F0494S,41,0,0
2026/07/03 22:45,05F0439S,05F0494S,42,0,0
2026/07/03 22:45,05F0439S,05F0494S,5,0,0
2026/07/03 22:50,05F0000S,05F0055S,31,237,91
2026/07/03 22:50,05F0000S,05F0055S,32,241,26
2026/07/03 22:50,05F0000S,05F0055S,41,234,1
2026/07/03 22:50,05F0000S,05F0055S,42,0,0
2026/07/03 22:50,05F0000S,05F0055S,5,0,0
2026/07/03 22:50,05F0055S,05F0287S,31,996,116
2026/07/03 22:50,05F0055S,05F0287S,32,996,20
2026/07/03 22:50,05F0055S,05F0287S,41,1040,3
2026/07/03 22:50,05F0055S,05F0287S,42,0,0
2026/07/03 22:50,05F0055S,05F0287S,5,0,0
2026/07/03 22:50,05F0287S,05F0309S,31,88,99
2026/07/03 22:50,05F0287S,05F0309S,32,89,18
2026/07/03 22:50,05F0287S,05F0309S,41,96,1
2026/07/03 22:50,05F0287S,05F0309S,42,0,0
2026/07/03 22:50,05F0287S,05F0309S,5,0,0
2026/07/03 22:50,05F0309S,05F0439S,31,487,80
2026/07/03 22:50,05F0309S,05F0439S,32,495,27
2026/07/03 22:50,05F0309S,05F0439S,41,514,2
2026/07/03 22:50,05F0309S,05F0439S,42,0,0
2026/07/03 22:50,05F0309S,05F0439S,5,0,0
2026/07/03 22:50,05F0439S,05F0494S,31,204,18
2026/07/03 22:50,05F0439S,05F0494S,32,206,5
2026/07/03 22:50,05F0439S,05F0494S,41,0,0
2026/07/03 22:50,05F0439S,05F0494S,42,0,0
2026/07/03 22:50,05F0439S,05F0494S,5,0,0
2026/07/03 22:55,05F0000S,05F0055S,31,243,98
2026/07/03 22:55,05F0000S,05F0055S,32,243,18
2026/07/03 22:55,05F0000S,05F0055S,41,255,3
2026/07/03 22:55,05F0000S,05F0055S,42,0,0
2026/07/03 22:55,05F0000S,05F0055S,5,0,0
2026/07/03 22:55,05F0055S,05F0287S,31,1028,130
2026/07/03 22:55,05F0055S,05F0287S,32,1032,23
2026/07/03 22:55,05F0055S,05F0287S,41,1043,3
2026/07/03 22:55,05F0055S,05F0287S,42,0,0
2026/07/03 22:55,05F0055S,05F0287S,5,0,0
2026/07/03 22:55,05F0287S,05F0309S,31,86,81
2026/07/03 22:55,05F0287S,05F0309S,32,87,12
2026/07/03 22:55,05F0287S,05F0309S,41,94,4
2026/07/03 22:55,05F0287S,05F0309S,42,0,0
2026/07/03 22:55,05F0287S,05F0309S,5,0,0
2026/07/03 22:55,05F0309S,05F0439S,31,485,59
2026/07/03 22:55,05F0309S,05F0439S,32,495,12
2026/07/03 22:55,05F0309S,05F0439S,41,498,3
2026/07/03 22:55,05F0309S,05F0439S,42,0,0
2026/07/03 22:55,05F0309S,05F0439S,5,0,0
2026/07/03 22:55,05F0439S,05F0494S,31,213,17
2026/07/03 22:55,05F0439S,05F0494S,32,211,5
2026/07/03 22:55,05F0439S,05F0494S,41,0,0
2026/07/03 22:55,05F0439S,05F0494S,42,0,0
2026/07/03 22:55,05F0439S,05F0494S,5,0,0
2026/07/03 23:00,05F0000S,05F0055S,31,236,92
2026/07/03 23:00,05F0000S,05F0055S,32,236,11
2026/07/03 23:00,05F0000S,05F0055S,41,235,2
2026/07/03 23:00,05F0000S,05F0055S,42,0,0
2026/07/03 23:00,05F0000S,05F0055S,5,0,0
2026/07/03 23:00,05F0055S,05F0287S,31,992,134
2026/07/03 23:00,05F0055S,05F0287S,32,991,23
2026/07/03 23:00,05F0055S,05F0287S,41,1028,6
2026/07/03 23:00,05F0055S,05F0287S,42,0,0
2026/07/03 23:00,05F0055S,05F0287S,5,0,0
2026/07/03 23:00,05F0287S,05F0309S,31,89,115
2026/07/03 23:00,05F0287S,05F0309S,32,87,18
2026/07/03 23:00,05F0287S,05F0309S,41,95,3
2026/07/03 23:00,05F0287S,05F0309S,42,0,0
2026/07/03 23:00,05F0287S,05F0309S,5,0,0
2026/07/03 23:00,05F0309S,05F0439S,31,484,42
2026/07/03 23:00,05F0309S,05F0439S,32,518,9
2026/07/03 23:00,05F0309S,05F0439S,41,528,2
2026/07/03 23:00,05F0309S,05F0439S,42,0,0
2026/07/03 23:00,05F0309S,05F0439S,5,503,1
2026/07/03 23:00,05F0439S,05F0494S,31,203,17
2026/07/03 23:00,05F0439S,05F0494S,32,215,4
2026/07/03 23:00,05F0439S,05F0494S,41,0,0
2026/07/03 23:00,05F0439S,05F0494S,42,0,0
2026/07/03 23:00,05F0439S,05F0494S,5,0,0
2026/07/03 23:05,05F0000S,05F0055S,31,241,78
2026/07/03 23:05,05F0000S,05F0055S,32,249,26
2026/07/03 23:05,05F0000S,05F0055S,41,251,4
2026/07/03 23:05,05F0000S,05F0055S,42,0,0
2026/07/03 23:05,05F0000S,05F0055S,5,0,0
2026/07/03 23:05,05F0055S,05F0287S,31,990,102
2026/07/03 23:05,05F0055S,05F0287S,32,1004,27
2026/07/03 23:05,05F0055S,05F0287S,41,1086,1
2026/07/03 23:05,05F0055S,05F0287S,42,0,0
2026/07/03 23:05,05F0055S,05F0287S,5,0,0
2026/07/03 23:05,05F0287S,05F0309S,31,88,79
2026/07/03 23:05,05F0287S,05F0309S,32,85,21
2026/07/03 23:05,05F0287S,05F0309S,41,100,4
2026/07/03 23:05,05F0287S,05F0309S,42,0,0
2026/07/03 23:05,05F0287S,05F0309S,5,0,0
2026/07/03 23:05,05F0309S,05F0439S,31,495,54
2026/07/03 23:05,05F0309S,05F0439S,32,502,10
2026/07/03 23:05,05F0309S,05F0439S,41,533,2
2026/07/03 23:05,05F0309S,05F0439S,42,0,0
2026/07/03 23:05,05F0309S,05F0439S,5,506,1
2026/07/03 23:05,05F0439S,05F0494S,31,205,24
2026/07/03 23:05,05F0439S,05F0494S,32,210,2
2026/07/03 23:05,05F0439S,05F0494S,41,0,0
2026/07/03 23:05,05F0439S,05F0494S,42,0,0
2026/07/03 23:05,05F0439S,05F0494S,5,203,1
2026/07/03 23:10,05F0000S,05F0055S,31,233,82
2026/07/03 23:10,05F0000S,05F0055S,32,235,13
2026/07/03 23:10,05F0000S,05F0055S,41,239,5
2026/07/03 23:10,05F0000S,05F0055S,42,0,0
2026/07/03 23:10,05F0000S,05F0055S,5,0,0
2026/07/03 23:10,05F0055S,05F0287S,31,965,92
2026/07/03 23:10,05F0055S,05F0287S,32,979,20
2026/07/03 23:10,05F0055S,05F0287S,41,997,3
2026/07/03 23:10,05F0055S,05F0287S,42,0,0
2026/07/03 23:10,05F0055S,05F0287S,5,0,0
2026/07/03 23:10,05F0287S,05F0309S,31,84,75
2026/07/03 23:10,05F0287S,05F0309S,32,86,18
2026/07/03 23:10,05F0287S,05F0309S,41,93,4
2026/07/03 23:10,05F0287S,05F0309S,42,0,0
2026/07/03 23:10,05F0287S,05F0309S,5,0,0
2026/07/03 23:10,05F0309S,05F0439S,31,504,55
2026/07/03 23:10,05F0309S,05F0439S,32,497,16
2026/07/03 23:10,05F0309S,05F0439S,41,525,3
2026/07/03 23:10,05F0309S,05F0439S,42,551,1
2026/07/03 23:10,05F0309S,05F0439S,5,517,2
2026/07/03 23:10,05F0439S,05F0494S,31,205,15
2026/07/03 23:10,05F0439S,05F0494S,32,203,7
2026/07/03 23:10,05F0439S,05F0494S,41,0,0
2026/07/03 23:10,05F0439S,05F0494S,42,0,0
2026/07/03 23:10,05F0439S,05F0494S,5,215,1
2026/07/03 23:15,05F0000S,05F0055S,31,237,79
2026/07/03 23:15,05F0000S,05F0055S,32,235,13
2026/07/03 23:15,05F0000S,05F0055S,41,239,2
2026/07/03 23:15,05F0000S,05F0055S,42,0,0
2026/07/03 23:15,05F0000S,05F0055S,5,0,0
2026/07/03 23:15,05F0055S,05F0287S,31,978,100
2026/07/03 23:15,05F0055S,05F0287S,32,994,14
2026/07/03 23:15,05F0055S,05F0287S,41,1028,2
2026/07/03 23:15,05F0055S,05F0287S,42,0,0
2026/07/03 23:15,05F0055S,05F0287S,5,0,0
2026/07/03 23:15,05F0287S,05F0309S,31,87,82
2026/07/03 23:15,05F0287S,05F0309S,32,85,14
2026/07/03 23:15,05F0287S,05F0309S,41,94,1
2026/07/03 23:15,05F0287S,05F0309S,42,0,0
2026/07/03 23:15,05F0287S,05F0309S,5,0,0
2026/07/03 23:15,05F0309S,05F0439S,31,494,53
2026/07/03 23:15,05F0309S,05F0439S,32,496,14
2026/07/03 23:15,05F0309S,05F0439S,41,0,0
2026/07/03 23:15,05F0309S,05F0439S,42,531,1
2026/07/03 23:15,05F0309S,05F0439S,5,496,1
2026/07/03 23:15,05F0439S,05F0494S,31,205,16
2026/07/03 23:15,05F0439S,05F0494S,32,190,8
2026/07/03 23:15,05F0439S,05F0494S,41,0,0
2026/07/03 23:15,05F0439S,05F0494S,42,0,0
2026/07/03 23:15,05F0439S,05F0494S,5,228,1
2026/07/03 23:20,05F0000S,05F0055S,31,237,75
2026/07/03 23:20,05F0000S,05F0055S,32,239,16
2026/07/03 23:20,05F0000S,05F0055S,41,248,3
2026/07/03 23:20,05F0000S,05F0055S,42,0,0
2026/07/03 23:20,05F0000S,05F0055S,5,0,0
2026/07/03 23:20,05F0055S,05F0287S,31,967,87
2026/07/03 23:20,05F0055S,05F0287S,32,967,20
2026/07/03 23:20,05F0055S,05F0287S,41,999,4
2026/07/03 23:20,05F0055S,05F0287S,42,0,0
2026/07/03 23:20,05F0055S,05F0287S,5,0,0
2026/07/03 23:20,05F0287S,05F0309S,31,84,70
2026/07/03 23:20,05F0287S,05F0309S,32,82,11
2026/07/03 23:20,05F0287S,05F0309S,41,91,4
2026/07/03 23:20,05F0287S,05F0309S,42,0,0
2026/07/03 23:20,05F0287S,05F0309S,5,0,0
2026/07/03 23:20,05F0309S,05F0439S,31,480,37
2026/07/03 23:20,05F0309S,05F0439S,32,492,10
2026/07/03 23:20,05F0309S,05F0439S,41,530,3
2026/07/03 23:20,05F0309S,05F0439S,42,521,2
2026/07/03 23:20,05F0309S,05F0439S,5,520,1
2026/07/03 23:20,05F0439S,05F0494S,31,203,14
2026/07/03 23:20,05F0439S,05F0494S,32,206,7
2026/07/03 23:20,05F0439S,05F0494S,41,0,0
2026/07/03 23:20,05F0439S,05F0494S,42,224,1
2026/07/03 23:20,05F0439S,05F0494S,5,209,1
2026/07/03 23:25,05F0000S,05F0055S,31,244,71
2026/07/03 23:25,05F0000S,05F0055S,32,247,19
2026/07/03 23:25,05F0000S,05F0055S,41,240,3
2026/07/03 23:25,05F0000S,05F0055S,42,0,0
2026/07/03 23:25,05F0000S,05F0055S,5,0,0
2026/07/03 23:25,05F0055S,05F0287S,31,963,98
2026/07/03 23:25,05F0055S,05F0287S,32,975,15
2026/07/03 23:25,05F0055S,05F0287S,41,1013,5
2026/07/03 23:25,05F0055S,05F0287S,42,0,0
2026/07/03 23:25,05F0055S,05F0287S,5,0,0
2026/07/03 23:25,05F0287S,05F0309S,31,85,89
2026/07/03 23:25,05F0287S,05F0309S,32,88,15
2026/07/03 23:25,05F0287S,05F0309S,41,97,3
2026/07/03 23:25,05F0287S,05F0309S,42,0,0
2026/07/03 23:25,05F0287S,05F0309S,5,0,0
2026/07/03 23:25,05F0309S,05F0439S,31,482,56
2026/07/03 23:25,05F0309S,05F0439S,32,478,5
2026/07/03 23:25,05F0309S,05F0439S,41,526,1
2026/07/03 23:25,05F0309S,05F0439S,42,0,0
2026/07/03 23:25,05F0309S,05F0439S,5,0,0
2026/07/03 23:25,05F0439S,05F0494S,31,202,13
2026/07/03 23:25,05F0439S,05F0494S,32,220,1
2026/07/03 23:25,05F0439S,05F0494S,41,0,0
2026/07/03 23:25,05F0439S,05F0494S,42,218,2
2026/07/03 23:25,05F0439S,05F0494S,5,0,0
2026/07/03 23:30,05F0000S,05F0055S,31,243,75
2026/07/03 23:30,05F0000S,05F0055S,32,244,8
2026/07/03 23:30,05F0000S,05F0055S,41,236,3
2026/07/03 23:30,05F0000S,05F0055S,42,0,0
2026/07/03 23:30,05F0000S,05F0055S,5,0,0
2026/07/03 23:30,05F0055S,05F0287S,31,976,81
2026/07/03 23:30,05F0055S,05F0287S,32,973,16
2026/07/03 23:30,05F0055S,05F0287S,41,1015,3
2026/07/03 23:30,05F0055S,05F0287S,42,0,0
2026/07/03 23:30,05F0055S,05F0287S,5,0,0
2026/07/03 23:30,05F0287S,05F0309S,31,86,49
2026/07/03 23:30,05F0287S,05F0309S,32,88,14
2026/07/03 23:30,05F0287S,05F0309S,41,90,5
2026/07/03 23:30,05F0287S,05F0309S,42,115,1
2026/07/03 23:30,05F0287S,05F0309S,5,0,0
2026/07/03 23:30,05F0309S,05F0439S,31,470,45
2026/07/03 23:30,05F0309S,05F0439S,32,474,14
2026/07/03 23:30,05F0309S,05F0439S,41,516,1
2026/07/03 23:30,05F0309S,05F0439S,42,513,3
2026/07/03 23:30,05F0309S,05F0439S,5,488,3
2026/07/03 23:30,05F0439S,05F0494S,31,208,14
2026/07/03 23:30,05F0439S,05F0494S,32,212,4
2026/07/03 23:30,05F0439S,05F0494S,41,0,0
2026/07/03 23:30,05F0439S,05F0494S,42,213,3
2026/07/03 23:30,05F0439S,05F0494S,5,201,1
2026/07/03 23:35,05F0000S,05F0055S,31,237,64
2026/07/03 23:35,05F0000S,05F0055S,32,237,19
2026/07/03 23:35,05F0000S,05F0055S,41,257,1
2026/07/03 23:35,05F0000S,05F0055S,42,0,0
2026/07/03 23:35,05F0000S,05F0055S,5,0,0
2026/07/03 23:35,05F0055S,05F0287S,31,972,73
2026/07/03 23:35,05F0055S,05F0287S,32,976,14
2026/07/03 23:35,05F0055S,05F0287S,41,974,1
2026/07/03 23:35,05F0055S,05F0287S,42,0,0
2026/07/03 23:35,05F0055S,05F0287S,5,0,0
2026/07/03 23:35,05F0287S,05F0309S,31,86,67
2026/07/03 23:35,05F0287S,05F0309S,32,86,12
2026/07/03 23:35,05F0287S,05F0309S,41,93,1
2026/07/03 23:35,05F0287S,05F0309S,42,0,0
2026/07/03 23:35,05F0287S,05F0309S,5,0,0
2026/07/03 23:35,05F0309S,05F0439S,31,480,48
2026/07/03 23:35,05F0309S,05F0439S,32,499,11
2026/07/03 23:35,05F0309S,05F0439S,41,507,3
2026/07/03 23:35,05F0309S,05F0439S,42,529,2
2026/07/03 23:35,05F0309S,05F0439S,5,546,3
2026/07/03 23:35,05F0439S,05F0494S,31,198,18
2026/07/03 23:35,05F0439S,05F0494S,32,204,4
2026/07/03 23:35,05F0439S,05F0494S,41,0,0
2026/07/03 23:35,05F0439S,05F0494S,42,0,0
2026/07/03 23:35,05F0439S,05F0494S,5,214,2
2026/07/03 23:40,05F0000S,05F0055S,31,239,78
2026/07/03 23:40,05F0000S,05F0055S,32,254,13
2026/07/03 23:40,05F0000S,05F0055S,41,250,2
2026/07/03 23:40,05F0000S,05F0055S,42,0,0
2026/07/03 23:40,05F0000S,05F0055S,5,0,0
2026/07/03 23:40,05F0055S,05F0287S,31,956,75
2026/07/03 23:40,05F0055S,05F0287S,32,967,21
2026/07/03 23:40,05F0055S,05F0287S,41,952,3
2026/07/03 23:40,05F0055S,05F0287S,42,0,0
2026/07/03 23:40,05F0055S,05F0287S,5,0,0
2026/07/03 23:40,05F0287S,05F0309S,31,85,54
2026/07/03 23:40,05F0287S,05F0309S,32,86,14
2026/07/03 23:40,05F0287S,05F0309S,41,93,4
2026/07/03 23:40,05F0287S,05F0309S,42,0,0
2026/07/03 23:40,05F0287S,05F0309S,5,0,0
2026/07/03 23:40,05F0309S,05F0439S,31,499,50
2026/07/03 23:40,05F0309S,05F0439S,32,503,13
2026/07/03 23:40,05F0309S,05F0439S,41,532,3
2026/07/03 23:40,05F0309S,05F0439S,42,0,0
2026/07/03 23:40,05F0309S,05F0439S,5,601,2
2026/07/03 23:40,05F0439S,05F0494S,31,205,14
2026/07/03 23:40,05F0439S,05F0494S,32,215,6
2026/07/03 23:40,05F0439S,05F0494S,41,0,0
2026/07/03 23:40,05F0439S,05F0494S,42,224,2
2026/07/03 23:40,05F0439S,05F0494S,5,230,3
2026/07/03 23:45,05F0000S,05F0055S,31,236,49
2026/07/03 23:45,05F0000S,05F0055S,32,237,21
2026/07/03 23:45,05F0000S,05F0055S,41,241,1
2026/07/03 23:45,05F0000S,05F0055S,42,0,0
2026/07/03 23:45,05F0000S,05F0055S,5,0,0
2026/07/03 23:45,05F0055S,05F0287S,31,992,74
2026/07/03 23:45,05F0055S,05F0287S,32,1023,4
2026/07/03 23:45,05F0055S,05F0287S,41,993,5
2026/07/03 23:45,05F0055S,05F0287S,42,0,0
2026/07/03 23:45,05F0055S,05F0287S,5,0,0
2026/07/03 23:45,05F0287S,05F0309S,31,85,61
2026/07/03 23:45,05F0287S,05F0309S,32,89,7
2026/07/03 23:45,05F0287S,05F0309S,41,98,3
2026/07/03 23:45,05F0287S,05F0309S,42,0,0
2026/07/03 23:45,05F0287S,05F0309S,5,0,0
2026/07/03 23:45,05F0309S,05F0439S,31,495,32
2026/07/03 23:45,05F0309S,05F0439S,32,492,5
2026/07/03 23:45,05F0309S,05F0439S,41,0,0
2026/07/03 23:45,05F0309S,05F0439S,42,722,2
2026/07/03 23:45,05F0309S,05F0439S,5,568,2
2026/07/03 23:45,05F0439S,05F0494S,31,209,25
2026/07/03 23:45,05F0439S,05F0494S,32,203,6
2026/07/03 23:45,05F0439S,05F0494S,41,0,0
2026/07/03 23:45,05F0439S,05F0494S,42,199,1
2026/07/03 23:45,05F0439S,05F0494S,5,241,2
2026/07/03 23:50,05F0000S,05F0055S,31,233,55
2026/07/03 23:50,05F0000S,05F0055S,32,241,9
2026/07/03 23:50,05F0000S,05F0055S,41,240,1
2026/07/03 23:50,05F0000S,05F0055S,42,0,0
2026/07/03 23:50,05F0000S,05F0055S,5,0,0
2026/07/03 23:50,05F0055S,05F0287S,31,951,82
2026/07/03 23:50,05F0055S,05F0287S,32,953,18
2026/07/03 23:50,05F0055S,05F0287S,41,1023,1
2026/07/03 23:50,05F0055S,05F0287S,42,0,0
2026/07/03 23:50,05F0055S,05F0287S,5,0,0
2026/07/03 23:50,05F0287S,05F0309S,31,85,57
2026/07/03 23:50,05F0287S,05F0309S,32,84,7
2026/07/03 23:50,05F0287S,05F0309S,41,93,2
2026/07/03 23:50,05F0287S,05F0309S,42,0,0
2026/07/03 23:50,05F0287S,05F0309S,5,0,0
2026/07/03 23:50,05F0309S,05F0439S,31,483,50
2026/07/03 23:50,05F0309S,05F0439S,32,485,10
2026/07/03 23:50,05F0309S,05F0439S,41,521,2
2026/07/03 23:50,05F0309S,05F0439S,42,534,1
2026/07/03 23:50,05F0309S,05F0439S,5,504,2
2026/07/03 23:50,05F0439S,05F0494S,31,205,14
2026/07/03 23:50,05F0439S,05F0494S,32,216,5
2026/07/03 23:50,05F0439S,05F0494S,41,0,0
2026/07/03 23:50,05F0439S,05F0494S,42,0,0
2026/07/03 23:50,05F0439S,05F0494S,5,243,1
2026/07/03 23:55,05F0000S,05F0055S,31,231,47
2026/07/03 23:55,05F0000S,05F0055S,32,240,10
2026/07/03 23:55,05F0000S,05F0055S,41,234,4
2026/07/03 23:55,05F0000S,05F0055S,42,0,0
2026/07/03 23:55,05F0000S,05F0055S,5,0,0
2026/07/03 23:55,05F0055S,05F0287S,31,963,60
2026/07/03 23:55,05F0055S,05F0287S,32,963,16
2026/07/03 23:55,05F0055S,05F0287S,41,991,1
2026/07/03 23:55,05F0055S,05F0287S,42,0,0
2026/07/03 23:55,05F0055S,05F0287S,5,0,0
2026/07/03 23:55,05F0287S,05F0309S,31,84,57
2026/07/03 23:55,05F0287S,05F0309S,32,85,16
2026/07/03 23:55,05F0287S,05F0309S,41,91,2
2026/07/03 23:55,05F0287S,05F0309S,42,0,0
2026/07/03 23:55,05F0287S,05F0309S,5,0,0
2026/07/03 23:55,05F0309S,05F0439S,31,487,42
2026/07/03 23:55,05F0309S,05F0439S,32,479,5
2026/07/03 23:55,05F0309S,05F0439S,41,543,2
2026/07/03 23:55,05F0309S,05F0439S,42,0,0
2026/07/03 23:55,05F0309S,05F0439S,5,0,0
2026/07/03 23:55,05F0439S,05F0494S,31,211,9
2026/07/03 23:55,05F0439S,05F0494S,32,201,2
2026/07/03 23:55,05F0439S,05F0494S,41,0,0
2026/07/03 23:55,05F0439S,05F0494S,42,217,1
2026/07/03 23:55,05F0439S,05F0494S,5,212,2
